1116
7582
11515
20338
27166
3754
8376
1440
9963
26731
6228
6102
2701
5903
6429
19888
1142
5061
4986
4920
25706
14769
2238
9122
3659
2477
22537
11333
14930
14989
253
26151
8009
28173
2733
10643
27973
13225
24098
13258
23777
8280
7735
12099
26854
29446
3268
23904
2022
12413
24873
12767
13368
13328
27952
20009
1789
21411
5476
20682
12513
9626
8673
7790
6461
10924
10657
20597
2170
17987
18693
21570
20384
13859
16101
25926
6156
28853
28558
6707
27888
28208
3098
13888
21780
15282
26446
15977
13322
9376
9084
26223
10095
14616
9401
29363
20941
23775
14729
586
510
16988
23014
15822
25692
14976
15520
10946
22867
2256
9150
19007
27927
26944
6498
21375
23170
18702
29979
7157
9237
24200
26452
23719
5072
17179
27514
24138
7213
890
10954
23609
9511
14983
19401
16833
29928
23057
24365
15803
28095
10730
10201
27207
20113
28723
28950
1665
8086
3558
124
563
8724
25296
28048
19143
24089
18361
21351
9927
7377
15553
27305
17315
168
16537
18945
302
6297
9515
5745
18230
26005
21687
18370
17166
19632
16300
25096
28953
13637
14399
26868
997
7321
22122
13796
4306
9901
23796
9941
28078
21869
3257
10280
29710
22245
9110
13298
22667
28532
18819
5742
24246
15272
29581
557
23817
10857
16079
29918
24988
1170
24652
17640
26305
153
13740
29284
14333
11248
25969
22151
14771
15780
27876
16589
16798
20675
14097
962
5594
5386
15580
14809
7536
19052
15358
24464
29660
2527
16752
1498
29965
9553
1682
18204
5817
2328
24233
5092
5274
2838
2867
16690
20217
2139
872
8810
12117
25765
4127
1762
8368
17682
10058
26839
21639
16918
26879
25372
21004
19176
17283
578
1633
19526
7253
14291
28418
14426
17461
24711
6272
19284
26367
14906
25574
22342
3576
6997
12698
10799
195
19465
26209
19583
3089
1386
18543
3417
8083
12056
27419
9542
27949
13176
12838
9560
14289
22048
14082
23092
28419
12800
10909
24185
27954
22348
9769
23320
609
16078
21813
17763
24328
6481
22420
6853
20056
1037
10361
25471
16325
957
15566
18960
27426
15439
4340
8785
2667
19303
18325
9258
21963
21760
13509
3444
2302
27633
11495
1836
28273
15511
1932
23633
23926
27188
17222
3994
21315
18756
15738
6167
17930
5752
8500
21202
25235
27762
21445
25281
15269
20699
23767
2844
28627
25764
12817
24165
5011
25479
13317
201
6939
26233
7879
19905
2837
5118
18025
10821
21361
17993
27425
334
14040
18319
15596
16438
7214
27783
16667
13055
21826
24032
8364
20988
7872
21151
6436
8960
13701
28691
20855
28753
17906
27206
16586
4248
19785
19107
22128
15336
1652
4255
5153
1785
27734
20950
29321
11392
3385
28098
29292
29389
28454
7882
19271
20096
5460
613
24130
8872
15479
13113
27745
4506
21433
293
18442
5354
15543
27415
28305
2745
20610
15882
15518
13756
14710
23104
14448
10356
3495
12664
5531
13535
5677
14157
23483
26644
19546
13823
19202
26782
15037
18967
24343
8102
15831
6986
29307
18962
12109
23838
5099
15630
14063
26189
17338
21708
15891
27669
13559
10412
10093
7933
25211
29270
20252
25778
21937
5300
22548
15952
17826
5005
6515
13020
10428
12524
22818
782
21134
14031
24731
29516
178
15611
10258
5857
1560
15869
23601
15084
23115
25835
819
14101
24723
5001
16269
7306
13734
17064
29860
7992
667
105
1215
15717
333
27327
11978
10794
28088
6690
8147
20622
24387
29343
13669
23390
5178
24029
13871
15865
25686
2730
15121
21015
6683
7700
10418
10105
11343
1124
3152
11931
2498
693
20757
3638
17614
24083
9778
755
6476
25502
10635
9658
7840
11565
20590
5432
10115
9311
28417
21903
14475
25484
2168
13255
24409
6234
24896
17538
28398
605
28539
20158
7595
11990
2536
29203
21700
11804
28862
2348
15503
17495
1429
11410
10511
13128
11217
1444
22024
10359
7931
23763
28878
9621
4654
20474
10607
13760
23259
22298
7961
16069
19754
1459
10185
22735
3566
23647
5393
28733
6851
9481
29253
14210
19574
29627
14339
14246
21857
1653
7084
570
23905
3433
10771
16409
9862
16882
5105
26458
4951
1525
13747
26801
448
4624
25825
22197
6617
10672
11819
29820
16020
9391
7570
4803
26946
25225
20048
23722
1906
1631
3221
20908
967
12437
10207
14316
773
9174
1179
3160
23559
15344
10614
26641
7561
11494
21547
28735
17992
21557
10316
405
28240
489
29229
6333
19744
9802
328
14457
17894
10261
20016
7089
522
2340
18194
18206
23623
845
25031
24994
13556
24644
24134
17362
9424
15806
22630
8530
22268
6643
14113
20267
29778
9678
20501
20987
17635
18341
29220
4249
13775
26272
10619
1475
22285
120
29647
24886
3515
12909
26579
16745
9663
18963
22566
24487
27451
4282
12986
10311
27471
169
26319
2089
6041
6263
414
15584
13671
24421
25090
4918
27261
17435
18624
26800
10850
910
13495
6768
13045
426
26274
5121
22653
18082
16283
21842
25854
25569
3546
9698
4743
6268
17051
27700
855
18358
13
14191
4383
20358
7109
869
19626
4052
21838
3949
17114
18126
22768
29657
1720
10393
26397
706
18915
1479
18794
19419
22021
20954
19719
27446
10414
3927
7167
4578
10400
17989
20462
16770
20614
5508
10346
15369
16113
20074
20191
18946
8848
11816
22699
6508
28747
6780
25059
14945
25868
14832
16736
14584
7323
26079
17578
16081
13080
19999
8926
4072
24635
3887
11473
23902
10000
11431
9795
26583
21305
4724
7908
20361
16996
7953
28390
20574
3061
20000
27056
14104
27498
3448
9559
1741
5423
13675
15284
5218
9047
5741
899
3042
9352
24544
20683
2494
8243
11466
4261
110
22046
17112
4731
25142
23152
15164
11870
9044
15065
13553
10803
7349
23579
28911
8604
20279
9081
21978
19695
11145
14603
453
2101
6543
15323
27332
23361
17186
28287
20207
24794
10980
17043
25762
22055
18849
9218
11937
20310
26273
6993
1049
16938
11577
8536
29922
27903
27506
29038
17312
5898
11393
5792
22041
28097
3525
9933
29169
28100
22160
14545
21153
10087
3164
6764
3470
23535
23071
24405
23724
25783
11914
4740
22564
5283
14865
8432
28050
26745
25311
9321
9709
10812
10249
23938
4778
18521
20204
15948
26212
26608
21371
21645
12071
24883
15380
26169
16347
5146
26082
18736
11917
10064
7515
29268
23833
18973
7848
6005
19044
18369
8853
18362
23238
9274
15631
18734
19765
1458
16234
11084
6377
14485
2202
25082
28298
29893
12951
29223
15404
18109
17871
8066
21799
23375
16475
17605
3601
5325
19711
13082
29944
20552
19095
10718
9434
12197
9396
26613
17055
9759
17613
11045
26237
3303
24371
23927
20308
12954
11582
15823
6240
23587
11325
3058
5260
14925
28957
14098
20657
2579
26727
5352
29837
9767
6708
18637
17022
8763
18044
21221
12445
18255
23644
6681
4935
8071
13574
9071
29126
26696
14946
8855
11055
4400
7283
7924
8757
11951
3124
28646
15499
15589
25761
28576
27574
20666
20369
26331
22928
20852
4753
8486
22105
2920
1261
22968
28664
10544
2679
9108
25349
14489
25623
20702
14265
7543
20510
21182
19646
17261
13737
18650
12976
29384
483
13755
8276
14531
25814
3741
2167
11102
20642
29591
14004
3364
2217
1484
2036
4852
28071
21477
20879
12980
4399
14782
19931
7889
23617
4667
25347
22454
7133
28600
28988
6797
28930
20669
9358
19825
20844
5676
6294
24193
25146
18462
22689
18282
28824
2201
22767
27698
12739
1725
4861
26735
521
20861
10049
21450
6583
26635
10569
23208
11012
25443
6420
16992
14215
6100
18889
3578
1091
27101
1348
13723
15633
26451
7202
19966
13337
12468
16741
25134
3244
27318
2708
16256
11296
27721
23779
22845
23067
18154
26510
2769
27146
12004
6912
29092
22868
2918
22518
24666
21002
13546
28830
27777
11187
22888
12876
23207
1213
9152
9074
13214
870
13281
411
3368
20794
7401
16429
26539
27522
11068
7909
2885
10903
13761
7447
28821
361
27477
13182
23133
14640
16204
5773
4901
5840
9556
11207
18395
15784
26714
1511
5816
23399
6374
26045
25215
12139
26994
2006
20639
24871
3880
4583
3304
25841
8953
20053
26202
19589
2281
8371
16696
11657
1112
14601
25196
735
7516
15838
8900
19808
1722
26019
4698
25515
8963
3003
21521
13146
28635
11082
14123
12140
17413
15144
23943
8533
16345
5650
88
671
27672
23518
3031
21833
23853
15975
15575
25807
20523
16029
1173
29831
24982
13542
15372
15080
22018
29690
26248
3323
17158
22118
23230
9623
12088
11224
14962
3667
28121
14404
4083
28588
19367
26940
18289
21916
24414
7464
20351
12660
28931
3319
17457
28829
27397
3928
22423
13552
9646
5102
29130
25863
23745
15421
20875
24941
14632
16121
17007
9624
16548
14284
26067
27324
2789
2780
12599
18437
17761
7828
25317
14941
19577
7679
28290
11106
19760
26291
208
12657
3253
18565
8473
7560
27895
6521
9485
23323
18176
21217
18520
9207
37
51
6698
3769
14163
11318
21553
3130
19726
1224
14179
4256
22931
10827
17015
4900
16298
24781
21156
24155
16514
8385
1203
13712
22816
18524
17019
1497
6551
13206
15760
731
22923
28603
13360
3347
24271
25245
17094
3296
21764
3264
16162
24827
14136
22006
4752
25964
1068
15964
3862
10500
11119
5538
15817
17190
16744
15455
26399
21934
2115
16258
23346
16686
14306
24688
28609
10231
6485
24462
23041
14560
24901
14604
16144
7894
21866
26780
18810
5265
15452
29198
25892
9886
15254
2138
3366
158
24726
21386
13270
11546
29313
7217
25071
10161
25732
16907
9457
29728
7910
6210
5569
29133
22745
5370
19073
3200
24927
20058
9643
3407
5209
343
20726
14612
19882
1663
18251
3597
4682
11087
11794
19110
16370
12501
1704
14805
25478
4806
2352
29750
26284
3836
2267
13221
10988
29097
10766
7916
27091
8411
1574
6314
22080
21163
20863
16916
9165
16614
24567
10307
28182
1282
5813
1176
19161
18038
27256
18293
12678
14777
18129
24406
25677
20012
29623
24875
7122
19253
5147
15651
1640
10344
5915
28150
7973
12200
29741
1167
23966
28689
13451
28408
25254
22050
21533
7632
24609
8796
13363
29586
25556
24305
7272
3875
6256
15068
18146
16623
14903
28529
13426
16365
16396
24680
21275
6975
14725
5321
17197
19705
3978
6670
17472
3796
24231
13834
19814
7791
15874
10748
14759
22985
13139
11696
19533
15305
21616
12977
13580
25434
6807
18041
27670
15349
17286
14731
23885
22020
19771
24767
2402
192
22704
19797
16098
17322
18775
20920
5762
19622
18333
18875
22885
8351
4328
13375
11303
23835
1107
20353
13000
23961
21955
15840
22056
924
12075
10959
6599
18298
14378
6816
23199
8932
24230
23739
14460
10301
19417
10453
20023
14162
14251
13194
11509
9308
3952
24995
13558
13151
3628
3016
11363
11304
3026
26766
1298
8453
8525
3680
17905
4227
14253
10028
19209
23336
1777
3248
16000
1248
10551
14219
21897
513
12389
11233
29540
27176
27389
20065
21809
7658
4639
10180
18689
24889
21881
17023
12397
29318
20602
13125
22416
10862
13476
8909
10575
11122
20063
19083
14922
2759
1757
23066
9222
14732
2388
28409
10640
22729
1773
25378
19602
5600
13069
9729
26625
26733
13251
19692
22116
3541
16682
26132
23089
7156
20029
26371
22860
17954
3860
615
4160
2576
16442
6843
7223
12100
22943
14918
23075
6004
23800
22531
3947
17449
20389
14002
9750
174
1279
4468
1163
15298
5388
29547
20480
24119
8509
3740
8866
12855
2165
25298
21138
4840
22912
18360
11957
497
16761
19326
10077
10982
11017
19167
28461
5998
13628
4977
14502
26321
8035
6793
17938
11884
7856
415
9186
19584
21944
7209
13914
28369
24378
26095
7166
25025
18248
7334
22448
29042
4472
18507
25889
18559
29541
25442
19462
16382
23600
17870
26357
1946
8593
1092
6073
8764
21436
17227
2020
14885
5583
23826
21748
26826
15256
20189
23678
26156
22323
1694
25895
866
7264
27532
19890
950
5875
26339
2371
6682
9285
71
20530
20421
17432
29206
21468
24877
20808
16042
12467
16402
6765
17783
24613
4645
12637
13287
20554
25379
750
21759
25542
22946
5257
20862
27311
19847
12234
17810
3138
20740
1606
10061
9079
22306
22140
5160
28809
2744
28675
24016
28036
10935
25877
15313
1223
1679
28981
14237
703
10882
10567
28360
24388
4796
2735
8980
5644
13035
18113
18783
18777
8325
5986
28122
12947
9331
12315
847
19727
16448
16928
21899
19157
2384
15741
10819
16796
13223
12640
20156
15587
3647
27842
7150
2458
18246
6413
23359
19962
16817
25237
778
14882
4732
5604
10063
9599
15103
10373
4788
10455
24236
21529
9362
27814
9841
5304
15509
28012
375
21867
24380
12659
9133
17144
17779
21922
16289
23928
15330
5446
12556
17301
16675
3605
20350
29729
12897
19423
24598
11519
7313
27181
1485
20865
28116
29200
10713
26171
10002
2633
5937
2681
2457
9006
11943
21175
11764
20777
199
18677
21960
10269
13132
705
8379
2525
4334
24003
3761
18620
8791
7996
21001
10446
4463
19721
19549
14872
3826
16659
29429
25946
14938
21673
19478
3821
10610
2382
14102
20720
13235
15905
11686
16280
4589
10490
5217
14817
20784
27454
26681
5931
16599
23393
11356
28879
28073
14615
161
4767
21951
23478
26725
18840
28498
6898
6916
10260
7215
27010
10994
21525
10675
15494
21672
18771
19347
11077
14570
20508
181
6459
1367
3913
15935
25456
19163
1144
15527
82
7819
13401
3086
29896
27677
567
26374
4876
17130
15620
23299
27592
29191
14649
10664
21030
3149
29858
7265
10353
15003
544
27293
25518
19871
5905
28553
24026
13544
1746
22002
3885
676
21876
8398
27878
27009
1281
668
17336
19673
4222
3237
28639
16997
1143
8301
2403
15143
11331
28668
4093
28276
11954
19348
2067
9951
7522
17119
6431
20548
12881
22711
21310
23405
13757
22593
20276
15076
22375
727
3532
13238
12839
6112
13709
12912
15902
2985
21497
9875
29260
17994
11921
16096
19659
15757
27390
21461
12991
11345
13294
21847
15561
10019
2741
27971
14107
20015
7665
11661
215
4110
10384
20762
9325
14631
17977
13861
25035
28679
25081
5319
1432
2647
11700
13745
21582
22825
23625
28101
19322
21273
13096
12440
14992
28296
449
29665
511
21938
19298
15448
4770
29877
5330
20802
17955
13110
29333
20506
28019
2615
11309
22633
2754
1546
22631
18899
8381
25240
26456
10592
12202
14614
25557
15260
2830
26651
352
18466
19082
16862
28934
2423
12627
7533
19440
22223
24560
18770
10981
11437
23791
27867
5669
8194
9839
2842
11408
28721
17704
214
10833
18253
16542
8154
13619
5738
254
685
19892
2804
19898
16516
5211
5374
27725
8667
617
2550
2638
12294
2871
26337
543
9561
491
9476
11317
17292
12949
21168
9846
23897
28495
28763
23053
14072
14699
8396
12253
21452
8761
3506
24833
11033
27605
22066
28802
27344
29725
7660
28306
17880
9360
21801
7269
29163
23761
26639
9722
23867
4288
28222
18334
5403
13564
15148
11745
23472
7748
1478
3855
9814
11947
8962
20434
9569
3708
21630
8507
24729
13985
13846
19862
23489
880
21601
26853
4394
19925
10279
10234
19104
9024
4694
9546
9512
15969
15441
10961
13010
6727
18587
8253
15266
5254
18985
20773
28626
26088
5245
12344
10241
590
27217
7521
21713
21240
14020
26312
4435
21785
6316
637
28631
6927
23840
24340
6310
18579
13276
17038
2475
22095
805
532
9471
6475
15612
2801
12176
28670
18830
19309
3336
18720
20178
10648
16112
25550
11019
10156
14741
1349
19525
16560
96
12030
13304
2425
14791
18344
22955
2534
20816
14766
26547
14600
5804
28261
5316
19101
66
26018
28715
3621
16540
11341
17726
6589
22230
20061
23725
12532
26922
1217
7672
466
5771
24325
26166
1913
61
23876
29443
19332
25111
29823
10779
21399
27979
2502
14263
21088
13376
5420
21891
26804
25149
6273
23289
9418
19617
6185
21401
27301
21653
2706
15262
8622
25092
8734
24699
26296
5158
21449
18733
13657
15847
6389
7324
7438
17211
12816
1373
3036
27131
12781
27079
5448
13948
12466
934
17200
15657
7913
22450
29717
16468
9550
1624
9603
25551
975
4821
6749
16264
9849
21099
23058
25949
24296
29083
9320
20858
21627
7719
29466
15127
4385
11165
24058
19845
18454
4843
20404
26047
8033
12538
13659
26567
21988
23022
18208
11981
20898
19946
6050
9114
28166
8569
10196
21505
25160
16353
3217
18883
20230
10025
28549
17837
3672
23659
20715
24196
15241
284
21316
5205
159
1878
3213
23615
23913
11200
14949
16497
9140
15094
6428
6609
26509
20293
25271
29110
273
24101
10896
16563
14879
19555
19611
14305
15695
12346
23011
22503
6109
11550
24642
281
25389
22036
19935
28986
20322
29953
10562
1711
858
7934
3011
19985
17233
14437
6737
7726
28486
3818
3518
2413
26842
10775
11133
6692
28520
15154
3337
27058
15032
1056
10971
3278
13554
25144
26287
24696
17351
16238
6671
1294
8899
19994
24553
22103
26317
27100
5413
25742
16661
6218
9342
831
17236
6219
21340
1885
8270
15552
20081
15035
16107
2582
13192
4398
3940
18745
27843
17129
28683
17648
2990
4746
21680
23837
11463
3464
8078
25156
14247
22340
26252
10296
17694
21541
20055
9301
1031
28106
21170
5170
20194
1847
13407
11591
20764
19362
7722
10663
29743
18259
12199
580
26215
18831
1835
19305
3188
3116
12423
29709
29703
24511
2030
21676
26105
308
24095
17649
27667
4661
15601
16944
6914
19799
19683
21791
19976
23570
26477
22452
22614
7999
25963
26507
11250
20628
20162
660
19195
8107
16003
4044
1540
23264
5552
9929
22579
28430
2548
22547
22612
23124
7676
9730
1501
24948
26161
26990
9119
26342
26091
19821
12749
20882
14850
16831
28783
5157
21578
10617
22444
19603
12997
17485
7179
19403
14071
432
1306
2943
3773
29531
17919
14354
14180
21254
22823
21581
2607
9271
29178
9411
4258
5640
11968
4518
3343
28109
2025
19877
3971
24768
29857
3205
26558
24618
1389
3777
18064
22849
16694
7714
12840
3499
8529
8029
2283
29393
24668
17517
26495
4246
16418
5232
1848
26204
11498
7526
9143
4844
11908
11360
24
27034
20725
25428
21112
23078
10023
25620
9276
29286
29031
10092
29789
15089
3076
7775
25900
16946
27109
11366
24157
2750
18935
9169
18735
26441
16984
1255
19822
13059
29975
9788
7605
4304
17481
16778
15718
9685
12189
17707
20422
25340
1333
1926
29801
17867
9158
15914
26106
26914
13463
16036
23945
1211
19635
14734
21300
11492
7242
19508
8305
1052
26793
4143
604
25869
25622
827
16265
15740
24704
13420
22211
26542
17442
4601
22184
8970
21421
26763
20607
17421
27048
21213
22209
23261
27141
9199
18859
27835
14753
18137
24846
24498
24087
18221
897
1260
22403
12837
29300
11379
13790
7937
16612
8987
10120
26652
2005
15629
3778
24461
938
29887
3491
13244
27600
12352
14626
6222
27268
15862
18303
28958
16929
25230
14090
21287
16819
2112
9608
4616
10297
8180
14559
20972
2052
13595
26245
2960
7193
23357
7506
21350
24716
23947
25641
11051
20691
29458
1611
5588
24577
14510
25978
2212
28706
26952
26178
27341
3572
27437
25564
27651
22841
4147
8228
5884
16629
4327
13202
18459
25312
5082
1166
4881
19576
4498
11383
27718
6405
6762
12208
17966
20064
25091
11100
13633
20660
20790
8222
6808
25300
20709
16253
9328
9629
9266
22087
6744
8366
183
1359
25989
6262
12503
6760
14770
6794
4898
19936
6021
3030
2205
17978
15091
6170
6871
19178
19400
15568
13808
23120
28410
6065
15413
2116
5790
23254
10163
6277
19777
2697
15928
29471
23874
5034
8726
24306
13776
10805
24250
23224
971
8358
5065
13142
7865
20917
6224
23127
29113
28650
4860
39
27991
15468
25921
11791
6547
27339
4602
27880
18415
10778
13092
17371
19263
5866
17408
24397
8700
26184
1623
6988
16903
5760
28678
23397
14343
9728
9364
1673
20385
7165
3146
14435
5626
25185
23182
13210
29609
4133
19213
5113
16306
4166
1627
4916
7897
179
7969
15239
625
13414
22750
15569
10507
187
10809
7868
11521
751
16092
12598
14711
15015
29267
12803
25781
16720
9551
27195
22791
11482
2714
3987
13425
21657
12011
17564
22308
351
23589
11420
1580
4345
6419
17569
28770
12264
19457
19939
29041
29689
22145
14442
3765
3935
1329
20313
4358
6184
24149
8360
17247
27886
13496
5452
8054
22220
25248
26409
24025
28784
2876
3182
29990
11996
25965
28806
13623
9087
25855
5368
27665
14579
507
2774
5059
7514
29332
12484
2544
4245
24783
17414
6580
3501
21810
16964
29341
14645
19333
10846
13870
9632
24583
9403
17425
12926
9314
12929
8254
24521
27394
2230
10182
24562
4164
15500
1956
12143
14856
29780
24273
15231
2569
5392
2060
25590
1210
14690
12908
6613
6238
15459
16974
23576
15128
20771
6350
19718
3554
2991
1225
10225
9055
24876
3948
16962
15887
16049
27386
16013
19524
83
22657
5535
26461
25101
14421
14074
13410
13423
5338
12804
15174
752
9272
18709
3184
9558
24316
17265
16246
9692
2588
1826
11390
14722
1392
14455
21064
27972
20799
4257
4760
10055
9532
18418
17588
11277
4486
17927
4879
8889
29480
5207
6584
14033
23272
14540
3714
16461
18156
20481
6965
14094
11710
15374
29242
2117
17221
29139
9002
11275
23350
3390
23428
8151
10331
27082
14206
17903
18556
23908
707
21434
19610
23023
28027
24659
10136
15796
7967
21125
25356
19957
12919
1160
23368
649
9059
20880
11273
21278
18903
24506
4198
10953
4361
9653
20634
13700
13557
15846
25601
8916
25501
29971
29496
18906
12502
2880
23608
8924
25323
8008
20335
2349
487
14661
14068
1958
7784
12562
12827
2009
19663
10309
28565
9898
18058
27133
7867
8925
13379
29800
15010
24290
339
20551
6246
27371
8919
8075
16621
3140
8091
28799
12600
22658
25771
13030
4013
11301
15782
20514
5859
13684
29028
27808
17137
17030
226
5514
7373
20527
3393
21835
17208
2968
26160
27253
12738
23088
21069
25505
23304
8156
18068
20069
17207
11703
8142
11697
23667
23214
27702
14693
24347
6572
25060
3772
11179
23027
24014
2964
12094
17525
4493
9620
443
19334
7021
14625
28637
421
17128
15408
12399
8461
22073
7903
27630
10925
20503
6305
21103
594
24636
27507
26353
20796
18705
19977
1849
6186
26387
4655
19000
26083
26419
18905
29849
2662
29529
12171
13100
5015
13003
22467
10036
2771
28203
5233
16804
26395
20984
12873
21981
1027
25444
12015
11286
24072
8554
20829
10460
28907
9171
17784
7653
17251
29396
2900
2568
27864
5951
3000
2911
20549
24763
9112
9224
28837
29190
13442
25016
24672
7427
9438
18070
8839
3922
11009
28329
24289
15391
1214
24721
11808
25769
389
6938
25674
26383
27723
20964
7182
14581
29148
2657
18686
9544
11349
25262
4212
9651
28818
21145
11584
15530
2728
2887
27756
8239
7637
7905
21427
17042
2010
3283
2635
19059
26157
15565
3082
8082
3229
7779
14658
28243
1245
29733
894
13424
14985
22507
210
12687
26627
5924
24201
23657
25750
298
6471
27768
18229
2431
3692
19196
18274
22425
2488
20256
2687
19235
27038
26611
21443
11134
20659
21149
21453
15824
14801
7177
641
24146
11127
3535
21565
19005
16665
21394
1505
25927
164
20575
11149
12312
18169
11226
11859
818
22708
7972
10174
1971
24056
9706
15261
7504
13982
8298
4926
1876
17688
10362
15399
13005
4533
1896
11391
9604
10179
7610
11751
21499
28456
17270
4660
18484
11658
27509
17960
7472
18042
20365
16489
1232
13606
23190
19108
5402
18182
2093
17185
11308
4523
19242
25655
3377
27145
62
18958
16749
14968
2
8978
10683
18284
4073
18729
2945
25935
24585
21159
28873
26598
18153
28854
23139
4379
12453
12122
23981
15176
19922
28083
787
1449
14292
10277
1003
15546
15069
10189
12577
19558
24917
13500
12812
9742
26783
22456
5468
27205
14034
29836
20936
5672
18728
18215
6673
8762
4508
24400
26338
11353
22922
2907
20206
7259
1615
3505
22748
29668
11933
29614
20084
23882
16147
4705
8030
9974
1082
21885
18337
24759
25007
15150
7639
7562
22421
3239
29421
7336
22131
14787
2218
17690
24276
2573
1315
14599
9717
26219
28792
12216
14713
4530
4733
27308
23020
4087
20566
10934
11172
9868
20492
26520
18523
11817
11096
27563
15326
16194
18984
21854
475
15700
20708
9204
24432
3062
3035
23852
24965
10310
18685
22719
28446
7442
2044
22832
22819
15286
27853
9428
4564
1750
18526
23616
24237
2019
28
10421
22417
29354
11397
1918
24275
28915
19411
22490
19900
14127
19685
14644
1029
7821
27457
335
22574
20819
8463
14685
4442
18551
29179
18408
21758
5749
23953
12458
22773
11387
9369
14977
26791
25971
20640
1784
13313
23652
1797
20909
13885
16971
13371
9992
18103
21285
10152
11902
27252
3074
1305
7000
10248
6373
1755
27778
9984
14118
14648
3897
23439
26326
25406
24035
29991
9232
13915
26089
27680
27402
13975
17039
12393
23979
18030
14533
29208
22982
25606
13311
8317
13437
3425
1837
903
9934
663
18515
3073
4339
23338
27958
3588
23560
27084
11949
23159
1470
24633
21095
15458
19437
5869
22471
20616
4453
24251
27096
27190
7902
10654
4967
19901
18117
23018
24623
24843
17610
14314
15395
7993
4963
11579
10560
6430
29245
24671
20301
27149
9213
13686
20104
6239
5324
17377
16602
13025
14410
17040
3770
10465
14656
9671
19689
8610
10623
21353
18640
1504
27728
10704
17209
8150
23898
9775
4190
13786
25165
1086
14430
21038
27095
28572
6850
28722
2726
17318
16175
27743
23675
21420
16352
6948
9162
3651
3482
16215
19356
21947
11897
18127
21441
18759
24981
7250
5536
15390
19017
26055
27739
23654
19729
12270
12884
1688
2752
9020
13252
8007
15296
15271
4937
6813
18629
19590
4857
20173
6103
16371
8489
22273
2914
365
17020
14229
20082
7537
8634
23488
8875
6125
28372
14245
5788
3624
3634
27067
14172
19803
14285
3932
23665
2767
26483
25553
18713
3643
19486
15871
27436
5270
18026
9700
17410
3637
22163
14681
29261
12814
5339
29947
5701
15832
13485
12480
18776
2147
25004
9443
26953
4152
24436
25768
29519
20924
22686
13921
13770
7959
5129
21313
12511
1845
20118
4610
3683
24552
19794
27041
6201
25586
26068
14698
5126
1243
3171
17046
19466
25176
3665
15470
23257
18352
7093
9383
11813
28554
11878
24864
23295
16116
1285
14476
10079
24861
5275
111
25394
26606
28977
27472
24162
1159
13968
8120
19831
23408
11539
20747
22361
627
20471
10381
21730
29360
27746
19308
15279
28266
12700
22569
28253
21699
7035
19385
26226
14192
3155
15152
3497
22427
21113
8938
28374
17506
16317
14441
27105
8268
2410
4179
2314
2309
27655
28291
29069
20490
14804
6999
26103
6650
4644
12547
15382
4114
12715
645
28726
5428
10967
15411
11244
18273
11050
7622
11067
24327
21144
22461
13944
22385
26669
12486
26004
3795
23087
10046
17291
17014
16181
17825
14548
16223
6267
10461
2570
4473
24943
29989
5502
9016
16125
12888
758
1343
28835
7163
1252
22618
12328
28561
22203
29771
22430
11484
274
26210
9548
28278
8572
23494
21852
16099
29118
1259
16895
9710
21880
4783
16782
10650
6502
11675
12856
4316
15843
25547
20283
22757
15096
27610
9567
29298
17626
15132
29317
8754
22669
28587
24967
13262
26036
18266
6148
6017
16281
29575
17118
18954
6722
26123
24961
27757
11430
3151
7887
28010
2066
25138
20317
21186
10160
3721
15562
23513
29996
25519
12220
29656
9338
17933
29338
24362
28921
3424
25423
354
478
6763
10292
21049
28389
3179
25740
11634
5326
28892
16445
12116
3995
14715
14309
15827
11850
13094
18031
22161
12613
1618
11919
11662
25679
15672
18601
119
7379
8657
27910
13816
10076
8588
1180
9772
17764
25204
28489
19032
24808
8598
7939
19761
7207
19587
18327
1661
19470
23565
13171
5787
3127
7962
9955
17091
27693
9713
28359
12589
13588
6989
12889
2586
11663
11044
23424
5495
15420
1917
2169
2449
17568
10113
24817
14537
1278
11320
22146
27153
21669
5216
21873
1007
17391
7751
1605
14393
13842
11684
23733
7854
27499
16297
28421
10343
28175
15851
23805
16674
18336
25849
19186
23637
4065
180
9751
3884
21352
19429
29756
27908
15786
19958
1226
6099
16630
8613
25397
14608
25827
17511
8874
21418
2007
19674
18554
28481
8484
18699
27223
6257
13405
3400
3250
714
24152
27345
27861
29016
1451
17210
24346
4800
8025
14628
3963
16010
6086
24728
17964
26506
17069
9326
7566
11714
28787
11638
15667
6788
373
27892
12770
11644
19631
17808
9447
828
10550
19057
2832
20246
26677
26571
3737
16942
15117
16158
4710
26391
747
8904
3641
11888
19124
26525
17829
27375
1230
20415
29679
29116
26090
16221
3831
10941
26930
11568
18021
12653
10707
26815
17634
2503
429
7099
27724
6635
8773
5219
27526
11654
10345
17109
2401
17540
672
6956
19087
15771
28000
12860
22328
24150
983
21933
6994
2152
23948
21276
29454
4650
5543
22878
19300
11874
22250
16951
8160
6868
9066
18779
19259
4382
18911
19018
16991
23250
17757
7885
7548
8768
15523
23899
539
3974
22395
11887
9429
15487
12314
2489
13471
29809
11460
26511
20560
7421
23604
14549
11647
29144
24639
16735
1264
15064
25626
14521
15335
21400
21523
6114
18821
11076
23548
3633
23400
12530
6866
16955
4081
14934
12899
22188
21584
17313
14273
6544
26406
27488
2063
4685
22964
22360
25658
13455
9679
1970
27829
8378
11049
25282
27705
18464
9348
14193
23986
10037
18166
531
2058
11040
11066
18784
14705
26149
3189
20770
9799
15073
29481
22164
18533
9979
20013
18571
12103
12154
8249
28702
11169
7811
9282
6726
4718
25122
20594
23501
20910
6878
23233
23674
10374
8300
9220
12717
21264
21914
21298
14881
2976
25164
14209
17502
12066
2324
19325
26684
26803
26474
23044
19288
2971
24748
11038
1774
1954
22970
22575
14165
11278
1804
17084
911
2216
16493
17110
26997
28969
6384
14490
2940
16703
16637
16134
26802
24622
24558
20460
28638
25012
25598
4237
17383
18970
23658
6685
26569
16294
29404
3286
29653
1048
19998
6200
25805
15362
9007
7677
15190
8826
12950
20926
2919
10281
22897
5779
26633
24914
25540
7525
4836
26358
9675
16697
22862
23402
3119
9014
15461
1047
14662
15466
25720
22007
14714
11354
13920
8789
19556
16716
18912
17566
3632
29451
21200
11212
10556
23969
2636
8316
2144
21918
24126
74
19199
28734
27241
1818
7077
12616
14588
26688
21370
29387
13995
26292
19984
19570
9645
19133
12910
22505
20247
2255
7363
14527
13412
28264
23426
27862
23687
13222
21003
13868
20653
2554
26190
6596
12173
28596
28157
21901
25075
8492
23692
12516
11674
17717
20400
1899
18841
21615
13922
16800
4078
20110
29968
18043
27088
6407
25844
7257
11210
22035
9743
6013
2090
2660
6787
26600
15826
16071
8624
3272
5513
6945
2075
13484
7687
3909
1378
12968
14242
16109
23132
3622
796
29954
8357
1851
23918
5312
14773
21364
24730
20780
7804
13380
4038
19158
21559
8782
8802
19582
26200
25662
5259
12263
27909
23081
12341
22455
23668
1982
16129
24142
28114
10040
29308
28548
20544
3137
18421
16507
27905
29320
23204
14405
3524
1499
7437
20677
16921
21044
1368
760
9318
12261
23846
13730
20455
11532
2329
15192
17858
945
13101
3998
8158
5812
21008
14049
26414
26773
23210
25381
27273
25795
29748
25128
10263
3043
23176
4146
23446
23696
25947
323
19369
11671
23599
29751
23686
7233
4799
1189
7983
11708
13866
8106
12756
19876
23984
7145
9225
9924
29897
12284
26482
19832
22741
11429
9146
5294
26867
1705
2088
18632
23266
17484
1228
22543
16443
11594
12380
7354
27233
24301
23500
14980
3332
16713
583
10417
25494
12857
25273
21741
21583
3967
14363
26535
9760
27676
12494
12010
4795
18247
9999
29167
19856
22770
19428
13452
5341
11086
7789
12409
17341
4324
17332
8232
27939
8685
2155
13668
23977
27694
29470
15285
8391
29013
7737
8152
13286
22159
18096
12759
23920
17780
18481
7211
4281
20089
4432
9374
18987
20782
11015
27789
18880
25120
4061
12651
16385
27007
26833
21538
3498
26844
21628
1467
27828
10515
24643
4531
13690
14211
655
4838
12850
2113
5094
12757
16425
27144
28395
10616
7968
7052
18467
13327
5127
21147
28308
24224
27799
1135
2637
3592
14171
10848
16447
24898
27484
12631
16732
13525
10984
14366
5415
6862
25666
19316
18090
3854
18121
5490
25651
11667
8084
12604
10600
25950
11389
16618
24785
20103
3950
24267
2210
24229
21651
13088
14689
8954
26094
9922
6243
11027
9971
1185
24102
4738
27501
23352
26900
14618
5443
18185
6709
10184
10459
26366
7975
3593
8976
11305
21532
11998
1452
25718
8959
614
12072
25801
3702
10525
18468
24109
26117
7408
15430
14307
7025
19008
29554
21167
25335
14320
25524
9987
5385
10764
21659
9930
23857
17181
27297
7014
8784
8291
642
17259
9200
16529
242
21784
21152
21725
28384
10916
8981
8026
25513
18231
14205
10364
29379
20479
28874
13722
6899
24483
8877
6761
21265
27825
18271
22339
16055
6020
29584
6289
26659
23174
22506
26459
9757
28396
9834
6919
10051
22504
26264
6775
17177
29252
3623
9745
7753
6175
3167
2096
12622
24755
27588
23032
25344
12569
10142
11021
8629
6921
25331
10294
9095
5921
2783
18986
26000
28947
26985
13927
11747
22334
20839
22428
23795
16648
16926
20268
19250
24166
12093
8537
15699
23737
19455
22899
14148
17845
21811
25492
5357
21413
12821
6605
22071
20595
16114
4415
7614
3590
27114
21623
28990
9227
18706
17147
3654
15939
12654
15794
13163
20399
15472
12438
28422
27510
5441
10324
22562
18892
28789
19307
1947
13685
13805
29324
1464
17840
958
26473
27162
5226
14735
4353
12243
11611
16206
26109
29055
16579
9633
20397
19879
13384
4715
16199
989
17076
9223
19189
14012
1537
6276
16484
29001
16729
22597
26182
952
4413
8290
16137
22839
1442
14203
23202
20842
3509
8521
21929
22068
9439
10754
12062
10782
15396
616
5225
584
7558
17360
1967
9753
15638
24586
27776
21482
7758
20170
250
22081
456
3894
9925
3136
14185
23985
21291
419
16383
23436
28207
14566
10537
12003
27175
28057
6168
8864
28686
21796
25856
8118
24044
12981
29204
307
15047
8207
3703
18789
15250
2341
27130
5984
22648
18270
13091
20050
15217
17942
22173
19459
4532
15632
19628
14432
834
25168
433
24221
4096
25609
18015
17599
12268
27263
5542
8949
2047
10445
14839
18223
562
1476
16426
15195
7058
7695
1724
4080
28636
27904
21975
27674
9571
21025
26961
300
13234
20825
4640
2254
3090
16274
20102
3416
10170
12560
528
15056
10308
22642
1004
24714
4759
22978
18037
19268
25417
10358
29240
2320
17647
28020
19467
27049
22988
27439
29732
19084
17539
12485
10825
27557
24171
18167
11085
16018
1892
5855
11929
24164
6006
7624
7806
16989
14555
7760
20378
16004
10536
7355
5238
5174
18696
27951
5398
22619
6366
18385
18115
516
2785
21190
11882
25409
18627
20791
22208
8715
27495
13507
11022
10989
4333
12791
7395
28111
10122
8322
24872
6537
7785
20105
22706
1572
6039
24812
26754
11699
21241
4319
24033
19323
19857
27076
11530
3553
488
20868
24596
9916
29769
2704
3450
10111
13218
29885
13602
6815
9989
16901
5389
20636
19448
18125
1050
16595
21878
15676
26638
24611
28475
5401
13263
550
24638
12378
10679
21096
21415
13904
27036
20774
27290
18813
15654
12443
18743
5193
9109
25475
7900
20814
23735
17508
4559
5152
4206
16909
6699
16673
16320
26663
5125
25874
14678
4675
20800
3356
5000
11799
26775
2930
10012
22309
8693
20483
15168
6183
16730
3486
12289
9524
26756
29005
11083
7767
6710
10273
10734
1473
14176
8891
13230
28746
22766
20458
1805
25962
15652
19033
4768
4955
9902
410
9701
8901
7648
10194
8915
5112
22926
14609
26544
5814
10265
3735
13680
5673
16310
384
8356
27192
13002
25644
14351
29578
6896
4373
13359
15412
6064
27450
1886
24139
26861
16865
26690
12182
14370
12684
23234
18187
27642
8135
3798
15303
20662
14387
24345
14461
29625
1304
26001
27616
2055
19712
278
24253
28080
28131
20646
16906
16025
23717
29616
26526
4084
10531
10892
24584
12045
216
5381
9882
112
20515
25174
24999
5562
14491
28344
24646
17071
13532
11483
5934
22780
20183
23958
11462
7149
10936
17456
24856
24268
29891
21485
8487
6664
13956
23121
23896
28595
18933
18368
2433
29955
13056
28534
14630
23465
20200
14717
23973
13911
10216
1638
25362
14535
2947
13533
4101
29449
15257
28216
125
2400
16841
13398
19172
11357
28945
11487
11137
13445
18573
17814
19299
17866
19983
21743
26309
14847
28153
21404
5235
11605
4422
28074
26818
4525
15605
17266
25104
25583
13203
6535
24815
24645
26415
22975
6731
10275
24297
28526
8306
16890
27363
1907
9668
23732
12034
10563
11566
12112
17171
7870
14095
24287
14241
1040
6778
10535
14427
973
23520
9436
20674
656
22060
10597
3254
9056
7511
1415
14701
13106
14400
22718
7836
7286
29755
19757
22154
6959
12321
3441
29901
285
7704
15377
26615
10032
25591
8323
29622
4839
2898
2415
13118
211
18922
19950
23538
6821
28212
15222
24957
25321
19337
10223
15263
28741
5251
16899
19514
28441
19192
4406
17280
1344
23002
24867
28876
25539
5064
3435
19580
1408
16417
21333
19405
24465
26324
7698
4887
12108
21210
16285
1079
23527
16838
2012
16781
23373
17342
26468
28960
21643
29364
1270
22739
9196
2094
17869
18214
10368
29078
3596
11755
1910
18808
979
23290
1715
22074
26253
14472
2816
8664
22634
15057
15538
20567
4500
6884
19616
14327
22810
28834
19160
849
18668
11760
8
15858
15366
26146
29135
15370
23455
7899
14704
9583
13241
9394
12902
5865
28665
26136
27647
29786
5699
3025
25715
28663
25173
7539
12377
12026
28654
7216
20121
16052
11967
1732
7803
12822
27815
21367
55
2981
25959
11211
22976
644
8612
29819
4664
22152
28474
24766
12625
15063
23094
21804
22265
3896
16255
13482
14564
22391
11443
5328
22061
20346
22629
9329
3782
710
2287
14888
13048
6214
21055
7095
3383
25834
19360
7290
2056
15201
14523
28819
1637
15670
24242
5721
4964
14300
15998
26133
9149
3312
11846
27607
8361
25247
18718
26999
4120
2497
1643
23850
7824
9036
27348
8991
2896
6742
29898
27854
19416
10651
15392
1140
14452
7683
10662
3705
14750
15811
9058
29478
25597
8574
14067
1324
5155
2552
7991
22941
17097
16342
8733
28795
8553
18514
21036
24225
6105
6401
8209
12384
26481
6666
25846
8149
7786
27976
28816
2520
25701
19193
7942
5289
28328
6390
16420
25982
18785
11113
26363
23269
16915
21591
10618
19937
21344
25135
7857
22498
25219
27513
6811
13575
13220
26739
23387
15184
6152
3451
4154
24888
12776
25222
13652
12391
5860
29283
12222
29948
3767
11569
28954
3120
12960
28566
24495
24291
24821
16960
15433
5053
2921
17778
16639
14981
12693
933
21435
2529
12946
6992
24135
7263
25862
27203
9766
9260
28838
24989
12753
14335
7173
8163
14911
29863
12115
29305
1934
16891
28608
18860
9211
3746
5148
29669
4241
9004
17269
17049
12266
7923
21158
6741
7102
19591
2342
14724
13583
25030
29886
7690
25992
11332
16958
19077
6265
14081
20083
12967
13153
18710
11624
3029
20078
24924
10874
7366
18479
22688
15357
20974
22091
11112
25266
20830
25627
11124
8459
14575
6487
7644
25188
26694
25713
25435
14806
23477
4370
20017
17628
6336
25020
9120
7382
26553
24034
22469
23126
702
16532
3113
27668
19955
26612
17623
27161
29573
25633
6724
2584
27774
14469
1356
8491
7134
28975
22508
18332
15036
29494
5520
23517
21649
11602
16159
20470
4357
17565
19910
26436
22713
17939
11479
9
6417
6364
25155
4172
22933
19552
2762
1125
21035
27189
24681
8920
14598
21243
8042
27182
23300
29351
269
19418
28891
9641
28863
2092
14675
22457
28507
3258
13381
4401
9011
23117
7073
2395
29513
13729
27695
25885
11865
9254
5497
22725
21665
23051
27767
22379
873
18790
10435
25121
2240
27969
2243
26177
4305
26085
20838
6904
15315
23758
379
29982
4469
12456
5278
14183
23116
16961
9601
10183
7597
14986
19835
8200
28042
18617
3291
5451
16511
13568
17093
21363
25673
832
19216
1517
27604
17440
13772
2430
10254
14837
29768
7462
21908
12851
67
15338
12255
21334
8551
22623
15933
943
26847
13880
3148
24011
23843
2041
26059
17096
26270
20713
19742
28370
18857
24518
18212
12963
23076
16357
24502
7725
28998
15663
21392
22638
21898
6230
4421
9388
592
7302
22033
4221
4082
3577
23640
18993
17983
14653
23590
17250
26487
20812
909
26244
9958
9219
21709
20163
2321
28199
5256
28333
29330
25979
16163
15196
725
26347
14208
21091
2747
18364
14352
27586
2078
15909
11842
3218
21875
17597
21429
11676
7565
1552
7816
17654
17320
10792
23482
6030
26404
13990
11289
17608
19588
6036
2678
21666
11997
25054
8807
19392
640
17996
10424
25129
13416
990
14243
5910
26355
451
15016
15504
5019
20753
10996
7041
20
14997
26680
15759
15119
2291
8341
26924
24471
7279
6766
21520
27270
23819
8884
22259
15990
23143
14260
8430
6940
28727
21686
22584
11995
13172
26500
5151
10233
24392
7316
3442
24650
15042
25617
14403
13632
3540
6995
16594
19116
28961
14742
10390
26056
8060
7183
6307
21738
4954
19716
9816
104
10048
29390
4067
18974
13015
7496
16230
16146
7454
4864
1265
17074
4497
8182
8868
27930
13589
23872
28511
28505
29998
7330
22293
1423
7475
4171
593
1347
19927
25757
1273
26806
13777
18716
1529
9535
29712
25450
10744
12807
13692
28068
10677
7873
28112
10822
24467
7801
3881
17302
21438
20095
24017
1397
13441
22995
21849
4622
20651
17088
24727
2064
8989
13491
21717
24548
7417
3579
20226
20212
10372
13828
25256
8841
25130
23818
26422
21321
2099
16860
11903
26460
8116
22655
10325
16267
11041
25567
6930
16318
7925
19701
4933
19545
5829
6688
20696
17691
7875
8592
27320
28304
20717
22812
20177
12387
13536
19672
6971
6973
24703
20424
28562
17011
20535
29520
5141
23004
2790
23019
5689
6785
8324
23789
4317
2599
3545
22014
286
12709
16463
9148
5546
11713
25315
22828
23829
25175
13766
12181
24826
7847
10011
7135
18575
3046
1840
28707
27553
24930
21895
27540
19030
6416
18549
13974
13303
26290
26065
4741
25429
29925
22660
20184
969
21646
12242
13183
26931
26504
13752
11965
19751
25351
28014
103
13639
24402
24797
1908
4662
13084
28801
7830
20202
4709
10467
14181
6925
16523
28607
23105
14482
9188
7575
4381
6582
8201
7088
10262
16604
11854
517
4585
8286
5661
19290
19438
6007
8573
10102
21066
16861
4209
9835
29485
14923
25893
13254
15921
27323
34
22510
27959
22496
2856
27356
18186
10321
287
13801
3832
16825
18328
14697
3114
10367
11072
21787
5674
25045
15910
22491
13027
87
20097
16876
582
19647
5660
14954
29805
22077
28756
5683
29737
19013
11810
11452
9145
5116
11011
7609
21177
26086
15255
13561
26718
17725
12648
30
877
28102
21839
29154
2784
21779
2037
27986
24786
24136
23098
5833
20179
24933
22483
19770
2628
1471
18175
20439
22143
5794
29936
17625
2480
22949
4846
7480
12662
12714
27081
25987
17621
5074
14862
20872
7352
9000
21491
29666
16662
7724
4673
28680
27824
10800
18580
13845
10659
24899
13063
11741
1989
23380
7935
3957
5458
11280
15288
28882
6890
26011
16668
21954
18982
13831
25009
1209
21328
14829
19968
13992
21100
28251
10649
7474
21021
17416
2857
7284
20377
26726
16106
8393
15774
20142
24910
27871
28189
29119
6347
17951
5528
11300
1998
1632
913
430
295
20127
16517
15703
15536
7577
2521
17037
24572
7329
9504
13510
25756
29561
19839
3936
5427
11885
20906
17115
992
17262
596
4793
29707
5323
13883
4377
25414
5469
19431
17973
1221
26033
12802
15467
19028
7509
7383
27912
8783
6824
4994
24493
19817
5408
19600
27040
27031
12342
12326
16356
5959
27382
4169
13897
29181
26249
15126
29493
10997
7643
14376
22645
6357
8814
26674
19286
3838
25628
24337
8906
16485
17875
17253
6163
6177
29447
25363
25103
23378
7413
14679
4515
2420
19492
21827
3839
2151
3402
2224
16172
23626
13849
5774
28488
11899
391
3975
15545
8088
21600
3251
20847
16801
10629
84
508
11490
9395
25785
7490
12120
697
21164
29571
16699
2280
482
25613
18517
25789
18642
16100
21834
11164
12545
14195
12746
24697
14261
1289
16549
23743
9064
4507
2598
15314
18027
4913
4192
12398
3912
29049
28279
14355
20114
10965
21821
22408
2777
20620
1496
7155
9184
7738
7787
8059
8965
29605
24684
11497
3886
13196
17284
23245
22166
14712
1875
17058
22684
29931
1610
16608
5992
20190
2713
28459
11175
22731
3032
29201
4341
4572
15384
16061
21958
17034
148
26574
21252
4140
17921
17388
10538
15711
14280
22807
6057
595
167
13044
20277
15592
25217
13903
7268
8835
25521
6207
20976
27061
10786
11451
25888
25504
261
28760
29670
2368
19482
19179
23613
9372
4512
19370
5435
7362
5902
24419
2186
23068
3099
27066
25657
11093
5836
5712
16082
16242
29847
4412
15086
19425
20983
11367
4275
15229
27108
20363
22710
5996
16676
1613
8514
4657
13473
13319
26400
2517
21996
7940
28302
15297
11062
11872
26448
26096
13385
7411
12245
11543
3598
15818
11639
29394
13617
4002
18414
24215
24550
1015
2358
13814
283
18403
17765
2183
10523
11909
11956
2482
385
1670
29316
4928
10382
24860
25792
13387
6592
5191
27602
3010
2318
14720
22578
17328
2901
19310
6094
26010
24153
9705
9480
12081
27819
29359
23551
16421
18196
7861
2262
2619
21945
25532
11403
2476
9771
5281
3045
13489
28840
4522
29120
6540
25202
18834
17745
17372
23108
6769
4017
5397
6829
28468
26006
29011
29676
21033
26711
9316
15153
12392
15149
21851
28956
8217
7694
28076
184
14271
10747
8576
8167
5617
191
21968
11769
22414
1398
11656
7893
17898
9744
22670
1275
23848
18079
8134
14365
29504
29796
7398
2957
7034
11575
4929
14835
19170
29353
20370
4628
15484
11824
29030
27418
16335
3231
19072
12682
26211
11073
6010
27401
2821
19836
5436
13882
3206
29367
23995
21957
10913
10522
28537
24555
25845
28653
11002
13356
7681
20759
7693
26958
11822
27064
27465
19471
25572
2589
9785
3804
10601
19919
1434
1526
15716
25477
8370
15187
3324
23588
20135
2853
19606
27362
2081
9470
631
4992
26776
10024
16700
20464
23311
2711
22147
6081
4119
9975
9715
2605
28890
8333
23107
3768
12454
28547
10181
7788
2609
9455
2509
14563
10029
24692
25072
16504
23385
14496
17081
16262
4290
15453
6855
23718
26044
3648
22545
12286
4547
13806
15881
8397
22742
1953
22842
2417
29932
442
25042
10710
17692
6891
20201
11725
20564
23164
13299
28754
20755
9625
5411
9278
28590
15883
18449
13795
29502
6745
28334
2717
15951
3492
406
12337
329
21967
10436
16769
4809
1006
23217
2541
18940
22093
10774
4976
29445
223
17337
27579
7686
5018
17633
23042
20655
28142
12868
12206
13353
18463
28340
1156
19125
1154
5670
20367
25141
29276
25290
22836
21478
2916
25933
535
10145
2220
1024
8816
2686
13872
24180
22884
25107
25707
17369
8449
21767
3170
25721
12685
895
12858
5234
16167
5627
5547
14525
18929
2763
8401
12752
22313
19886
11677
27919
18540
9123
11456
29631
5320
19279
28832
25516
10067
14369
6067
17359
26872
6600
23430
2225
13912
12174
3856
24615
18498
18862
29177
14134
22916
24737
29593
26073
3736
22316
16191
25495
24966
8454
2125
19864
2083
12872
15800
22114
26774
9707
18345
14412
3568
23175
22546
15442
11669
28742
19248
26957
29838
13612
2734
21385
27025
14948
19251
9517
3273
16192
5145
28342
27625
6996
14982
14552
11896
29730
24621
5523
3979
18432
23470
29018
27403
14757
9005
7305
21507
2242
21072
19619
18000
23574
11321
19813
9261
21619
6923
28022
11339
2827
28625
28616
29147
12167
23285
13681
6446
3915
9465
10561
16293
9726
10584
13136
26228
9820
1145
20356
1036
12041
8431
11461
6388
26180
19787
22782
26530
4318
13720
6162
1844
23135
8122
3926
13850
23784
28233
8413
2130
9306
23433
22918
3794
8914
12019
2792
3955
2315
12192
29132
8067
6445
28225
24579
12043
23606
16636
3528
1820
5695
23865
8851
8620
17159
10773
4088
11069
299
25243
28579
8445
27226
29864
9419
24114
19657
19818
5431
26250
23293
29629
21696
19458
18301
3423
9050
22987
24248
23109
29322
13635
15251
5249
3121
4042
7184
17343
6042
10580
29424
28129
8022
25040
24725
11152
24194
24655
6621
24205
2171
13989
8481
13661
16502
26549
1642
1433
16986
26029
27735
10670
3937
18557
15829
28144
21884
26449
20130
2247
4322
10870
11440
15108
13937
11869
9459
27365
12900
12597
28484
25069
6960
29138
15120
27688
17244
18665
18581
9070
21504
8314
25373
19034
20561
2111
28673
21563
4717
11132
9907
6409
21770
21419
12854
28281
15104
21409
14916
17477
16527
12211
8063
23754
5302
15872
16728
21773
25699
346
7281
5175
18244
20893
8552
9647
13149
1406
28025
3965
11394
9881
258
1507
9872
7912
1589
16090
23914
3143
8011
13062
12227
43
689
18947
29839
1151
11352
9887
15751
22401
8475
13645
5255
26346
10655
17255
19292
25822
24175
371
19093
3730
10776
6791
24754
24741
21848
20505
17809
4910
14065
26336
14907
738
24356
16066
21739
25698
9819
18550
24195
8027
10395
22275
393
28611
28940
29407
12420
1707
28358
22183
22485
13664
27062
10687
21823
20272
4771
14084
23859
7702
1206
9894
15993
4490
26713
8340
15727
6933
4228
14827
10904
28267
10583
28692
608
17004
10464
21219
7839
8815
16178
25416
1659
5229
28593
9865
14553
4789
13929
445
11056
29115
11010
20723
20368
8352
29409
18737
7591
14562
17135
1691
26968
7858
7450
22424
2207
15102
26624
3271
27168
21655
29196
13852
18965
28996
14140
4780
6810
6052
14541
376
28935
11702
19182
22784
24319
26974
13689
11104
6755
15606
4058
7661
1384
156
17852
24106
29462
17611
20237
8988
13316
10521
8236
1410
18052
15361
16177
14380
6636
18874
665
28187
17499
2775
12548
10052
2641
23960
23188
26779
2235
13243
24075
18804
20933
29765
13436
12170
4953
16473
22326
19026
2542
388
21550
18136
19624
21693
25753
24438
10288
27424
26216
21255
10665
12383
14197
22443
6365
23915
6213
28185
17165
9773
4625
2670
5029
22191
9821
10293
25292
6327
17743
10205
3208
6963
15660
2344
8053
8517
1864
7917
15591
29430
830
26289
7957
28336
27129
6274
21277
1483
15498
3674
22677
6045
28246
21638
13233
26588
21612
5172
18742
24373
29773
7232
13201
22015
29104
10300
23558
14429
28176
5296
5688
10951
1371
5069
22743
10035
19869
28992
6079
14993
7368
20928
9432
2252
6406
19782
23671
1340
13848
16440
13793
22822
5101
10552
29468
17148
6433
13340
21772
12186
11792
12394
19016
25123
4048
6703
5938
18537
10425
14546
6411
17059
12566
25028
27852
13642
9073
23481
8526
24279
770
22654
2345
12357
18080
10129
9477
7276
868
2553
19850
18918
17851
6028
12329
11449
28769
11801
9682
6161
25682
17
3085
29282
6598
28634
12875
2737
18014
22951
13585
9520
21000
22927
19262
5311
23726
18645
25464
25770
25902
6520
15913
606
18436
18428
7266
3984
23568
11571
24847
135
25255
25733
29003
4384
960
13902
24962
1734
27877
22287
26864
22702
8070
21412
3009
7519
27594
122
17914
26328
19643
20878
9231
16155
1824
11472
3666
23970
27150
17719
24753
218
16609
10086
24048
24006
10860
9996
5
6984
15953
20309
11061
24698
9402
17684
587
15158
29315
1506
19988
28513
9164
709
20232
10230
17558
23256
19875
11340
3989
11729
20153
8869
15768
12427
730
16047
26816
9655
28331
13631
17065
7884
2826
25452
21348
27310
1575
15646
27591
9617
5882
28319
17151
16887
20707
16322
17098
1269
10533
28731
3007
1055
25951
17689
29624
2915
11499
19807
16458
11272
2473
22246
16087
28546
6134
27347
10680
24468
18216
2387
4974
23712
20608
7815
22165
18474
12716
24909
24133
17201
28155
28503
23437
17176
21229
12952
27194
19897
1372
9205
27873
12446
21326
13087
26695
24735
985
3017
1712
17622
12914
28205
18347
16466
26412
22613
9884
12370
3225
11220
16937
26427
22759
16574
8079
8801
29776
6375
22866
20136
8713
21267
29476
2208
4834
10702
3328
2591
16455
28209
22075
5756
10124
8753
9912
2445
16683
22367
11351
18534
18606
21325
5372
24811
8581
23216
14543
7895
11748
6107
18265
6154
23063
29107
26193
519
16446
15666
29907
4597
16990
1060
24144
8655
18639
4629
24342
11818
19371
3386
6060
6439
26817
9341
9380
23000
21146
10191
5994
679
16361
20188
16024
5587
22659
17213
16070
503
10728
27432
15594
22959
1494
18815
22218
28375
5176
23496
27653
11825
6494
28684
2100
5716
3306
24086
11877
23292
23871
8702
28400
5708
24364
13941
3704
28126
23827
28202
20018
22253
20583
29094
23329
8922
27712
16038
26524
20269
17891
3266
29832
1448
26007
25162
2338
26100
19490
18203
16528
20719
8723
9183
1503
27164
16544
23894
29545
4089
14411
15836
17021
4960
10151
28522
24383
320
23203
14820
12267
21024
22349
24278
1441
8601
24788
24757
18923
17439
1853
19866
25840
18793
18390
23306
17567
2948
10841
4269
16550
5077
24070
28310
18971
23541
23024
22800
15481
2300
9915
25433
2602
1302
14605
3024
392
25784
19989
22675
1080
20253
16985
5115
17293
16566
21260
15449
1168
26298
5342
11428
4297
14840
28069
27894
12691
6560
29534
9576
4546
7688
23641
3685
7731
1502
20752
8639
8730
4745
4252
11435
1965
12828
10438
27850
19329
368
19550
8264
29700
23804
6655
29872
13134
1951
11039
10094
10363
24189
23849
25485
5318
193
27775
20242
15028
5867
3997
5194
16266
25941
15643
6040
20454
857
10366
2593
8488
13040
6454
1201
9681
19820
28987
4897
15867
14627
25241
27422
26877
5948
21618
10875
739
319
1276
12439
11744
32
2545
2519
27057
29867
3511
27524
26496
15997
21564
13109
28482
3690
21423
17646
7347
4979
12819
6622
25132
2189
24551
7083
29810
7554
21522
28671
22973
24455
20563
14996
807
1011
12969
14619
19302
24080
16195
8220
10735
2292
8619
16299
24344
24667
26642
21692
24450
13550
21203
1567
17902
21105
27238
16216
15957
686
27761
27851
28146
17249
4956
24254
9228
3201
29718
13282
4985
740
29171
10073
17160
2377
20320
7448
24905
19381
26179
20465
14571
6955
23954
28053
28038
18053
13335
7200
12765
3107
20090
29635
25197
27201
25602
29019
16766
4826
2353
11619
29131
21319
9393
18835
27160
6900
10104
17529
22615
15093
9048
16581
7623
23308
23752
5430
7540
22695
16187
9286
22167
15835
8984
18502
16051
23596
17561
28543
24490
6882
279
29309
22299
22382
16384
22270
10817
3134
29881
27231
4903
8637
26515
27812
2046
21580
26484
21515
10995
19539
816
367
6859
15680
18150
17234
14515
19776
9978
12617
20054
2909
9636
5573
12874
6477
10456
18363
4804
15987
1509
9017
9068
16965
17910
14328
12668
11362
11290
25053
19746
24496
8218
19694
3219
25346
10338
20435
11147
7707
8870
23355
13310
10251
19511
1421
1735
8628
17423
26894
10176
12937
29021
3335
24426
4077
26859
25139
8013
11756
9666
394
12407
24588
8641
22062
2166
17376
5978
19815
10327
4556
3397
11830
19045
2306
27542
13919
8990
16634
26697
20216
10266
15457
10396
28214
29497
21440
5888
6306
20826
7584
20959
3392
26043
11399
19974
13009
1964
14060
21621
29985
3962
18894
13205
25496
28140
5208
24435
2264
3808
14038
29434
13946
14414
29873
18818
6229
12161
28479
23992
6555
21919
21982
3204
29310
26927
10945
11001
10007
11731
28270
14973
2440
22764
11005
26335
20969
8369
8001
23552
1370
14281
29186
27185
7342
1077
14298
2680
20884
1492
8240
8321
22345
15462
20337
14114
24074
25011
1353
29962
11930
28458
4714
10066
17552
27727
2739
4465
19708
1912
17274
64
20734
8043
19855
15647
13651
29842
25386
19328
24292
10116
8145
18513
25332
1038
18990
25912
14526
15920
1977
8441
29314
18455
2823
25023
27033
29617
26440
15991
26453
17972
22963
26348
26143
27947
24859
25695
10219
28658
12683
22310
13758
18029
28003
22192
1689
13288
8717
15118
5846
1698
12671
11116
26951
13942
25268
22005
1787
19450
3178
22883
26024
9598
6301
15446
12849
23045
27086
12084
8895
24451
15856
10415
7054
14324
146
5014
27309
7028
29397
17012
25309
2768
20239
9469
7451
18806
21506
8451
25953
29096
10444
9111
10306
8400
22834
22311
16816
19561
21140
12001
25418
15549
23248
12984
26360
16465
19980
26227
14043
27660
23178
28790
8697
17873
23842
29183
17355
28765
5020
12369
28013
8155
26935
21706
9288
2507
9592
11844
14377
19536
20949
24760
5872
3906
29106
10781
9452
29862
13308
14286
27080
130
4
6355
15019
25999
29596
20565
12823
7594
16261
9869
29525
2934
7898
17263
7189
23275
28072
23337
14050
23225
20046
29713
6849
10379
23080
60
25842
28606
6082
19099
14813
8799
6317
17657
19472
21690
29235
25405
17699
9010
18076
25410
2367
9877
7859
25358
7042
22174
4723
4045
8124
16207
4647
8709
5612
18261
24906
25238
13625
24184
8902
23886
14880
18009
8215
24908
10605
24300
19295
3334
8416
6444
28242
8686
22052
8516
6322
5462
26892
23251
16131
7327
5668
23798
18101
5578
15585
13890
16435
11514
10091
10411
28542
22193
27179
29969
12336
4822
25866
27764
3698
22616
21757
6320
2933
4155
21594
13112
11551
22815
7455
3454
22857
21761
5602
5075
12794
20843
20373
20978
22783
5747
942
12553
17553
17854
6468
1042
17070
10732
23772
13256
6360
20166
25714
534
7271
16756
5373
22100
2834
27264
12890
20423
29357
3044
20963
16276
6339
16641
9412
25413
3635
8718
20626
8139
1716
5929
20325
16912
26788
15934
2999
17798
12690
11847
12772
10625
10335
27580
1339
12474
22327
13207
27806
11974
7777
20418
17156
19982
13023
27679
13144
26225
29436
25886
20742
24798
610
5440
8108
416
12732
1678
14230
6104
21631
8387
29564
26948
1683
17641
14617
17941
15973
8429
15816
22753
17856
5284
21587
659
5839
16233
12862
15348
18704
9175
26116
21714
6016
9693
26565
16202
8293
13858
623
27349
1737
7280
28888
15720
4680
11506
18786
20482
10146
17167
28544
5363
16539
24637
1411
25675
13390
2528
20874
25932
15218
5455
8578
24972
8798
10993
25724
15767
7416
22156
837
15277
5802
24674
14507
13312
12076
21668
21868
29706
3825
15586
5213
14153
7033
1450
7662
19387
14529
1242
1520
20440
26263
14854
14955
15398
27907
22600
24532
768
16531
2298
7502
859
4595
22272
2578
10483
338
7428
3636
23580
26141
11698
21133
26231
28730
9880
26475
6907
23893
3905
25661
25824
18712
19229
26382
15645
16380
6397
22920
951
22150
5715
27399
2206
19029
9035
3139
18159
22054
7339
16161
12602
9994
29654
1780
17735
8474
12297
29876
7248
2380
14587
6894
16359
14683
825
6748
939
21257
15497
21930
12649
13917
18245
5556
16811
5682
8233
12146
20079
9724
22961
20986
23492
6831
24484
19331
24197
3551
24492
17926
17917
10158
9519
10215
29970
3874
5333
423
22028
9755
29856
4537
396
26838
3068
16535
17303
11239
9475
17950
20042
7947
20857
16980
1827
19645
20958
24627
26102
18226
2077
21231
6877
12790
12165
12349
10990
13191
8979
26076
25670
13843
18721
16026
24223
8199
4758
25883
4411
1763
24476
11097
26772
16257
24469
14466
17812
14486
24519
25182
8852
5277
21677
18913
27258
10229
8584
20398
26280
16225
2514
29542
15870
29759
25990
19755
20133
5143
6198
10783
27606
6211
17399
24009
4659
28896
24159
24691
22435
17948
21410
28682
20145
17729
26070
17469
27714
20392
2106
6822
6818
12404
7706
28435
3484
22990
20685
21391
5037
3467
24880
9910
19223
22698
6908
21943
20019
19134
1453
9507
27090
19773
11042
19398
14445
6541
22617
16391
18445
11089
21136
7162
10107
14194
13001
21956
249
2049
25310
17187
1321
7147
3394
13166
10578
24430
23192
29577
1856
10697
11728
10057
19789
20894
2937
10820
7360
19355
24103
3676
21556
7984
25199
1533
16437
27236
1790
12959
9889
8403
26246
5509
14522
21314
6340
11448
16853
331
1593
14156
4033
4618
21416
18646
25831
2850
6819
16649
20721
29444
27945
26534
6136
22691
12970
24440
15683
20070
21444
18281
14917
15705
4397
19408
16643
13297
7013
26828
18853
13579
26145
26882
5161
382
21239
12820
24039
11310
29068
22900
5033
27736
2311
10682
14920
8299
1253
11235
18690
25148
22801
14558
186
21755
9660
11690
26341
12343
7057
8575
10447
26093
6394
3869
26032
19269
20296
2928
13839
6173
4980
28662
2391
21110
19564
17949
11835
2577
1057
16229
24005
23097
8665
16785
23317
21092
14814
8710
21544
21414
18062
6075
21531
17124
16030
2709
9264
4279
12985
21707
14569
14447
4829
13324
27294
24367
15232
10639
23358
25806
28867
7473
1607
21797
4605
22806
10487
14964
15961
11221
12663
24091
98
27431
6977
21688
11648
22330
23476
6447
1070
6604
17488
14120
14331
4975
23684
11848
28927
4870
10711
19114
4950
10495
9871
13246
624
5878
18660
29170
15779
19621
15534
3144
10824
19840
18374
23321
28172
28356
5580
1993
835
3939
14772
19226
29632
26757
518
4787
11241
2054
27948
27844
9417
25974
22650
17305
27576
5881
27455
6462
22336
13693
19150
28295
12805
20312
5664
9106
3059
18457
5252
27749
12415
20870
28594
9185
24404
13239
4797
21135
17202
9921
21270
16712
2506
17925
8373
12830
14110
25407
27015
27440
28113
7901
692
6978
24515
21926
28252
23780
4300
22984
24733
1700
27069
7752
5028
19769
16430
7627
8808
14325
7795
1016
21893
24183
22693
9339
10829
23265
13662
28476
28211
658
520
16762
11372
21501
22098
815
6597
18330
27684
11368
6392
20821
20143
14943
6844
10987
21539
5109
6573
28383
2097
17990
27317
2124
22881
29036
12101
16554
2444
27209
29938
26850
21262
7578
10808
11958
2669
12924
19618
21913
28695
24118
18666
29537
6522
18988
19911
17491
29664
2886
15627
28326
13213
25608
4621
5981
19749
14511
14512
17298
18315
28159
7860
