1653
2254
2092
2523
1606
2106
11
1486
1796
1276
836
2325
2017
1074
1690
140
1879
818
2350
1162
2112
1425
2721
2174
1940
417
2419
899
2319
1509
826
2812
2441
1001
86
1353
1062
2819
2026
1856
392
380
1183
1647
1477
20
1258
830
1676
1689
602
674
1754
1048
655
1155
2991
1494
2342
2966
924
1745
663
2490
430
1499
2351
2437
1086
1409
942
867
2993
356
230
403
1253
395
2364
1828
893
2078
2946
1303
1675
1661
1029
1767
649
2686
129
411
197
470
148
1788
1694
103
353
199
743
2275
2040
1359
2481
1698
159
121
2845
1981
1328
2383
994
2645
2347
687
708
2657
2305
843
2000
1810
309
799
1883
2926
2221
1681
1175
1528
2210
1827
1737
2713
598
2022
621
2842
2062
28
1923
443
2901
2716
1766
2992
2608
2494
1267
1256
1815
2898
2393
2626
1315
2459
2402
730
2931
760
2272
2396
897
1104
1772
667
32
1082
802
1492
925
343
1892
77
1749
985
562
186
1866
1491
1620
2868
2873
476
2998
2313
2738
2904
2566
639
2356
547
2877
762
2148
1673
2817
2037
616
2535
75
847
2552
2753
1959
2429
846
2039
2665
276
1793
2534
231
1128
1525
783
208
439
1109
2501
2049
811
2328
42
2700
2891
2828
1345
2903
2176
2244
2701
978
1778
2558
2087
1633
1023
1180
821
1951
364
1455
706
665
1010
2771
2238
333
2047
2010
198
2914
1424
2131
2401
452
2464
795
501
1323
2415
2622
1223
959
177
1870
2450
441
1977
1158
1462
1460
1308
1476
2671
5
756
2654
741
415
1559
1662
1356
1261
1265
696
1706
437
620
2301
60
1287
1150
2942
503
1639
1817
1588
738
848
8
1006
1830
1065
384
2518
958
2163
632
63
1805
1248
2483
1664
2449
566
1154
1890
546
1831
1435
2104
2538
1080
902
2832
2952
262
23
312
1227
1858
2820
1302
1864
2611
1416
1649
2793
18
1230
1089
1019
2016
1558
2057
1034
1139
874
1017
889
861
1103
2270
2241
916
898
146
2655
766
254
2296
1101
2330
788
213
1843
2279
2854
1755
299
1670
1410
1703
2902
565
2893
2403
2765
790
2335
2322
123
2412
697
1648
1454
2977
692
3
1853
1471
218
2477
372
2801
2652
2075
744
419
2416
1075
2639
475
919
244
2642
2082
1188
2958
506
2517
220
273
2871
1216
1342
977
2278
2124
172
1521
1422
2194
496
2397
685
896
1418
2090
718
2422
2204
1535
240
933
778
1960
151
1807
1812
1142
658
2333
704
334
1907
2636
1760
14
1391
1135
1441
259
2506
2658
1297
1912
1636
322
1587
421
838
1195
732
1294
1989
1321
2674
2012
1969
1058
2767
139
2077
61
2846
2890
1126
2656
1370
1913
2341
1063
1595
1453
378
1910
99
819
1366
2208
610
43
1982
2918
2948
153
477
1578
1915
1313
2292
2685
112
1635
1432
787
285
1324
2803
282
87
1602
2856
304
1090
851
1077
734
1478
907
397
1024
2913
1671
2149
2757
1038
2754
837
2326
1971
1222
791
65
2202
1467
486
2440
854
695
2624
922
1031
1284
68
2618
345
752
1346
2766
44
1743
1209
149
1319
274
82
2143
2288
1586
2687
2372
1962
1757
368
2359
1394
1163
1304
2788
1517
2825
1585
2125
1233
973
936
2677
389
1123
1257
2340
2155
1646
829
1220
2299
1839
609
1998
719
2362
1519
1526
1299
2060
725
2811
1979
603
2976
168
1825
1417
179
866
2023
471
499
1845
2869
849
753
2664
949
1011
267
2718
710
2030
749
2962
190
2492
2072
266
798
1032
1943
2941
1836
1151
210
324
321
2612
1891
2540
2088
2741
1905
156
2181
871
2304
1305
227
2744
2698
2680
1545
2280
53
1185
56
1428
41
514
2257
1445
1795
2389
721
1797
2466
1447
2286
256
224
2779
1611
1105
1813
855
2749
822
2054
2043
1002
624
810
618
2453
1341
2807
271
1199
1552
36
2906
1076
35
703
957
2537
1320
1015
2551
561
1508
2264
789
1360
1922
2486
474
1182
1712
2883
2230
2188
2740
1919
346
1935
2838
1750
1022
574
110
173
2442
1084
2073
1483
625
1756
2550
2847
1164
2972
195
2068
1025
188
2027
1093
2853
281
690
317
2399
2742
1149
2653
2999
532
478
1187
2717
2843
2469
1978
1659
253
2562
887
2637
2932
1236
2145
2011
178
1610
1603
2950
729
549
295
2772
613
2228
2529
755
2261
2348
2487
1452
2508
2560
399
1820
2478
485
2921
2601
1570
2692
31
671
2203
1442
1938
2133
1787
2377
1826
2407
2332
1904
1203
691
745
136
1035
1886
1631
763
940
2019
1974
1202
2840
1114
2013
1725
1208
243
1840
1465
1449
114
930
2184
2059
583
2568
564
1920
2324
606
342
1533
1263
998
2703
2311
2947
1051
223
2917
1377
2848
987
2085
2363
2097
2951
1382
1298
601
666
164
2730
774
493
396
1816
2028
2201
2138
2916
2524
180
2178
2725
1436
1280
2071
1735
409
1945
1985
1238
780
498
2156
772
1885
986
1973
768
1583
1593
2521
1734
2630
2884
181
1397
1254
2756
1207
686
238
2805
1837
1740
2065
2480
1411
597
929
1799
918
2268
2006
255
596
2808
1273
2729
2770
347
2975
98
1365
853
71
245
2607
2135
953
2874
2041
135
1005
2888
2103
85
927
236
249
1894
212
2170
1540
2953
379
1061
2411
1783
192
323
1732
296
311
2186
2374
2666
974
1368
1924
1961
894
992
1833
2546
2395
1374
81
1524
654
875
16
2663
771
2139
2533
2575
651
2191
1091
189
2445
2987
1246
1351
24
1408
1829
1577
2151
105
1242
48
316
2852
2283
350
746
1484
2643
551
1780
637
438
