1742
1125
2106
1051
1630
509
1359
1625
1769
1767
396
88
1209
1384
2841
673
1284
98
2556
113
1499
559
2277
2857
391
883
512
1400
2562
192
655
1441
887
2506
233
591
1144
34
35
1916
2818
169
2338
713
2247
1842
1234
416
66
1789
1413
852
2899
2563
2803
361
1771
387
2099
2013
860
836
2830
2370
2141
1242
1868
2869
222
2112
77
1178
1305
350
2349
2181
219
975
1189
2326
1817
746
1804
2066
504
259
1957
1547
517
2478
2809
2516
2475
1575
109
514
442
448
2758
1730
812
1928
2609
2371
2932
1572
1479
1256
1376
2677
2845
1333
2455
1026
970
2913
2017
1834
353
1357
2864
1608
2655
2072
388
2901
1128
1705
73
2968
2514
2891
598
2417
356
1803
2188
2105
692
1062
2776
1390
2740
968
2536
2831
719
706
2445
211
1160
892
626
1524
2258
2763
541
1290
2530
1553
2956
132
1849
2550
164
2883
422
2694
2720
661
2325
632
1289
1230
296
1329
2662
537
334
742
743
1939
412
1361
1259
2364
1358
2359
2909
1100
2768
2919
2627
428
1011
2974
2098
136
2152
441
2973
1039
2885
1449
2140
2468
1405
854
2134
1971
2170
622
2086
2275
2591
1620
1922
1439
312
1623
1710
2911
823
1550
578
2453
352
2050
1131
2986
2484
1036
2939
2003
678
50
2238
1758
1070
2726
117
459
1004
876
1236
724
177
1206
832
2855
1871
2061
2102
1044
1664
2360
727
1594
935
599
1592
1262
18
386
2305
2225
2552
242
2000
2665
2636
2251
2087
2531
647
722
2272
400
163
345
79
175
376
1403
2357
1599
2513
143
948
465
270
311
2847
1163
628
1770
85
1926
1680
1488
619
2783
2955
2873
2298
119
2088
2666
383
1094
166
2334
1923
2819
477
104
2551
2508
675
2898
1407
134
2907
495
1123
2823
1484
2844
1963
2379
316
2716
788
1998
1564
1466
1078
554
668
2314
444
2377
2179
1031
59
2203
2703
1717
1059
1222
1138
1694
552
1597
1685
616
997
2303
907
1818
1411
1806
2521
197
2029
2304
1985
535
436
307
2802
1638
1671
2415
1602
595
1738
2362
910
489
2801
1829
938
2710
637
2215
654
1317
1215
1990
2767
1047
2601
1874
1504
1539
1518
1725
2999
1739
2041
658
2343
2814
953
1906
638
945
331
1077
1269
2350
1639
2568
529
2587
16
2177
1908
1
481
2503
196
2589
955
2923
2287
2015
392
358
2839
545
1513
1752
2576
69
1619
2480
845
2595
814
2658
1237
2829
1133
488
2276
1761
499
2405
2416
187
1954
1168
2625
116
2306
324
590
149
1166
1463
568
916
866
908
1713
1760
1621
1578
1223
2510
1261
1274
218
2849
1950
1793
1275
494
301
2319
1688
648
1238
241
877
1255
476
2143
984
2366
1438
63
49
2223
959
786
1887
1310
2016
2777
587
261
842
1598
2741
375
1747
1884
245
2610
1666
2386
1492
1037
593
2438
2542
2493
41
1907
1248
853
2836
1815
1273
217
1250
2884
2905
174
979
2614
2241
339
2908
371
1107
734
828
399
1014
1800
1940
696
1615
882
1311
2674
815
1765
255
1891
958
919
1649
926
963
2308
1090
2571
2310
758
779
1471
709
1489
981
1661
1645
1819
636
1075
1327
2227
2519
870
1658
2950
25
1912
1837
2590
56
1254
1362
2492
2367
2077
118
895
2570
2488
2538
479
2266
1369
2532
605
2977
1988
70
983
322
2630
548
263
320
406
142
601
393
2892
569
332
711
306
114
567
457
423
2524
1288
1331
292
1566
1606
1296
2476
1633
1611
2682
1551
848
2760
2585
2509
646
674
755
2902
274
171
87
2433
645
381
2058
379
785
289
2942
1355
2073
2794
2129
1862
2699
1147
2871
2485
2172
666
1798
2926
918
2004
1860
982
2752
2663
2875
708
1920
2774
1711
2629
1813
1640
1579
929
2067
2523
315
1481
1797
1445
2900
683
1343
1054
1821
1192
1968
2180
745
2255
2667
2042
566
1001
2142
2439
1328
1344
737
1108
1200
2545
2876
2700
1431
1114
1306
2218
634
2153
1635
1420
106
438
2296
273
888
159
150
1983
341
2927
2825
1786
382
46
437
642
2507
847
2972
1525
1614
2189
2127
1929
549
2261
1898
2132
1421
1755
1775
851
1085
912
1773
1519
1799
294
2300
123
2838
1151
280
913
2404
2418
581
690
2062
1502
1112
398
1043
1861
1153
2826
501
1397
2896
2985
1613
337
2543
2387
925
2623
1450
5
2327
298
33
2155
1750
2893
435
2133
2239
2008
43
627
889
1127
147
2660
1278
1424
2558
835
1568
1493
1814
2147
1562
1101
843
2299
2286
977
652
1901
2051
1727
1198
2644
1063
516
1864
1052
2937
2115
1618
67
1121
1009
527
2459
2166
370
2347
1660
1911
1779
2442
2879
2381
2935
1774
2708
2399
2408
2890
1900
1795
1805
2557
38
2163
467
1487
2925
2617
1003
1049
1946
2159
797
2060
1240
2931
572
695
2993
624
805
409
2426
903
2171
108
2167
2427
2669
1506
2168
1161
1729
900
258
53
1010
2810
1414
2210
2240
1794
1102
2561
2628
1497
2422
1312
2477
821
1712
2773
1374
2827
1991
1139
1679
1811
2183
1706
2757
817
1883
1194
2437
576
2054
802
1187
2646
717
2788
1511
2721
2324
191
1184
1687
1448
112
1672
2353
714
1029
2295
1836
2274
365
801
1087
1816
2205
875
443
161
1294
553
2887
1264
1809
2356
1652
989
2607
426
1246
2369
2886
1015
1583
1890
999
2918
1092
359
2964
2165
1460
1464
51
2854
2525
137
665
2014
1172
1776
551
1196
2949
2329
2046
1612
1429
1154
1373
253
64
2204
224
1503
1662
1533
2611
574
2249
110
