13265
3355
11309
15676
13617
20214
10827
8591
3121
25850
25025
18585
3024
22278
13203
4933
1761
2730
12180
27186
15451
26757
16468
25078
12960
25293
23063
19727
18040
20680
13005
5125
1353
27031
9875
23659
2037
27523
19573
2148
17281
9999
13806
978
21917
29181
9374
8745
3268
15901
8278
28675
23330
16319
20899
13276
16733
14569
26197
18702
13969
3909
17755
17959
25484
29346
9837
3190
22163
22651
18726
28100
95
10788
876
26255
7576
11696
13180
16338
29708
25664
29783
16192
14011
5798
8131
16176
3298
10279
8095
21906
20867
29199
26712
4784
11885
19055
15361
11328
1085
4577
26946
13365
25281
604
12389
14581
1443
15107
20133
2492
16807
14858
28992
28908
12397
28600
4487
20678
24971
8425
27986
13968
12715
3094
4308
12929
27906
14512
27533
8713
24234
15453
11786
24586
4251
9484
17175
12151
4985
21126
22964
24088
9351
8163
27717
20359
11561
8294
14675
27466
20727
18087
24208
19053
24253
1099
7752
3467
1983
9425
2002
28905
22858
2027
23750
8175
26086
20199
11241
26068
15096
26985
22180
13189
13107
14136
24755
24065
2846
24786
24745
5972
17249
28348
23616
24174
6713
24441
19598
11855
7643
19030
12291
2242
20965
19056
4399
2259
5568
6499
7504
24782
10930
16401
5209
10630
14223
12811
8815
24750
4752
19038
23981
26343
20204
10493
23879
16487
5138
19718
23307
7362
26953
6196
2499
23752
27071
11921
23191
17947
9277
23542
19584
24251
1643
4160
19928
20159
256
21904
19708
11474
29138
28464
25907
27160
6140
14669
25320
6012
12942
27349
9219
13208
22189
142
9799
29439
12571
8465
18420
29914
4177
12481
26540
3309
23257
14892
27443
1845
4141
18431
24417
6489
1163
1695
28778
23078
17489
17944
19905
25935
26523
12955
7747
16188
4202
2
15067
23534
11636
9433
22644
19105
28027
29529
1417
28959
25928
3327
14796
17694
22724
21788
9423
14409
11411
17606
29618
8477
7757
24811
6361
10713
12186
23301
8585
11881
24393
3049
18336
3244
9694
26634
4862
13856
11382
17354
9651
1968
19480
7617
24406
4724
21113
27030
24016
12246
7276
7338
2371
14773
17556
28996
922
34
6040
28711
20366
18376
2274
23071
26961
26249
27571
19882
27627
2035
279
17588
7711
16177
10544
4203
29738
19181
9058
18209
7655
21908
2186
6784
12209
530
14859
21496
6870
7948
26055
10579
14421
18237
27783
12969
24612
28568
24039
335
28048
15964
23457
12123
23233
22053
27076
12515
19193
13057
19843
28746
28326
27681
27212
26929
2681
12566
18122
5331
5581
12573
8782
2226
19421
17309
28026
20987
3054
6511
18796
28544
19009
14513
22653
5986
9417
16011
22553
5806
8490
9581
2363
2465
1062
19907
23430
3565
28121
17342
23014
11165
20349
3418
28919
13095
9756
1518
8325
23359
24549
21923
6477
18839
23818
17393
20137
6846
26268
26994
28197
28384
27625
12460
3015
24373
18114
5783
29818
19659
5470
10315
11330
19376
1403
9290
16244
13337
5407
13767
15374
754
18717
10482
5105
14867
1474
23154
21679
18570
13679
12925
22223
11147
12882
13975
7649
14893
676
10767
7967
22888
7628
9923
13256
7457
24970
20436
12839
17922
3584
459
23388
26955
15931
22065
14564
20718
7087
1235
4228
16698
14943
13774
17761
8879
29179
9466
4014
25521
15238
3092
16755
1911
26258
23731
15591
27042
13579
25195
1194
14475
12109
8304
23314
26357
13826
16226
27312
12002
18524
21543
23677
20530
4923
15047
25238
9813
15628
17297
21313
4306
1087
22378
28235
19520
26355
17461
17152
16193
288
28318
24150
10127
19344
6705
11639
19806
17162
16376
16089
16098
23181
21761
6267
11305
230
20813
11678
13304
7742
5685
11454
21668
16259
13608
29707
10007
8482
26399
13864
4131
17757
2033
1759
22738
29022
8386
13743
18731
9848
4790
27892
10929
26326
13012
24386
22517
3188
23701
29933
19980
10806
18252
1015
26012
3960
17039
2903
13472
9218
3140
20738
7610
7832
17319
3257
27480
15500
16167
7279
5903
20976
29825
16453
10020
12684
18931
21540
1674
25800
1251
12615
15669
6279
9112
4866
5741
29504
11206
29250
7790
5354
1991
16915
25340
28451
29157
14072
10148
26525
9364
24779
28478
20645
4892
25569
16959
26530
13028
26104
1706
15319
25626
4991
24934
23764
22735
16931
21483
10671
18735
22066
13862
4587
22862
12558
29004
9618
28046
2704
9339
21685
3373
21877
14860
19420
107
26618
9717
11356
5498
23231
8011
15060
24286
18411
19108
10515
8707
19373
17643
29771
20222
13033
11628
8474
24967
29071
939
8806
5268
28369
13896
26966
14611
15454
11225
23028
21028
3692
6078
505
22319
2000
17828
25076
4190
12147
27720
6074
29060
22271
4646
1752
25357
22068
25660
23013
15603
29968
21187
5194
15114
1290
5476
16921
29943
559
28408
25301
24598
7980
9396
4652
10414
10123
3215
1803
28967
7845
16231
23565
9508
4241
25377
14516
16812
23621
16619
9557
28566
26116
7002
19311
2505
7226
4683
3411
10702
22736
10088
15034
29665
16457
24791
17069
20004
6599
788
4303
29038
13435
24681
19307
20892
22103
19717
5175
4098
956
9536
22118
13575
23108
13212
21306
3231
5065
12871
7721
17573
24012
5379
11210
21041
12717
9655
2630
23901
25819
1138
14994
15173
8509
27174
3022
17286
28761
26157
4720
20083
29541
855
25053
10756
5499
22702
29558
660
22410
26723
16307
21623
4302
20180
28479
26203
5447
284
8313
6535
7111
4238
20953
5233
8389
10040
3526
9562
5881
11831
7145
1225
6266
16753
16041
19812
11017
1097
13604
25540
27790
18246
24922
24374
24249
26661
29198
29782
3446
29222
27869
16051
20179
26228
2028
8705
8688
338
10398
1838
18307
19217
29967
8988
5828
5454
28431
8781
25548
4536
8110
27885
11957
25647
27072
25129
19597
2360
7326
13741
1549
16829
22377
13851
24960
10529
22315
20264
16979
8673
22252
26560
17014
7101
19402
10054
11047
8373
9238
13264
20028
26806
15234
17888
12653
25499
29452
13952
22072
25008
1682
26101
12034
11422
10949
15769
9445
23266
20380
20723
18919
10264
13477
16949
27819
14665
7910
10834
19953
1246
21522
15466
29752
4480
12455
22435
22100
11822
29557
12379
5066
13751
25299
14169
18753
29652
1857
28723
25748
16530
25350
10520
11623
1184
23455
6452
14678
6725
26605
21262
2863
17893
16397
7569
2448
9183
21859
25464
4926
2899
7122
7106
21951
5953
6761
2758
4133
6764
18813
17824
16119
2478
10159
16968
1629
6645
4756
15960
9708
11908
5867
643
7470
3147
8447
6706
29869
16670
22351
536
7668
8402
10612
23149
11549
29790
13586
18128
9951
5923
13682
6635
28781
2297
10154
11983
2044
21314
17159
3217
7697
24169
5650
13387
11414
2791
13891
26507
16030
26930
3449
4979
27330
22050
29017
8480
16485
10300
2327
16820
18395
18750
17154
14090
25
22411
17635
2183
27094
8738
17562
26687
3356
7287
12594
28987
1472
8428
19334
29523
10182
16723
16908
27577
17665
14501
25006
29653
24982
16604
26939
5116
1275
12807
377
15634
21021
19107
4764
29836
4250
15580
6386
7660
5094
4746
8763
6425
17620
26340
25673
23935
16489
25343
12086
1970
12890
20305
5140
15648
7351
28321
12255
29363
1185
2877
29167
20975
25430
10854
21370
19134
25070
16412
22582
26501
13918
18178
25619
7353
14
9592
25638
7462
24447
5997
18745
14813
20715
6126
11643
1684
3894
7396
17238
28567
6113
10389
4106
14369
22611
19711
26737
15309
9358
26541
4478
3442
29105
7599
12550
6933
17472
23777
11585
12338
4602
23297
21489
10173
23156
6014
12886
10341
3300
28285
4586
20760
18716
26694
11533
8676
12487
28708
14975
11750
820
13251
23506
8983
10024
25680
28547
49
25916
3656
4217
24423
13323
9270
2272
24726
19890
8078
14710
2410
28841
10486
20860
20818
13659
7227
20084
11973
29356
22293
26762
2755
9774
8330
378
15282
11559
17293
2263
27334
22935
7741
9680
12225
4328
28732
1317
13558
12223
29906
27481
11955
19173
4638
27907
12513
27927
11597
14314
2383
5769
20868
12939
9310
12104
22238
17557
22856
25830
19083
7181
11264
8324
15789
20576
4441
3842
13490
20151
2510
13515
23351
19541
10034
18450
28654
22405
7076
1852
13014
25795
5481
29678
22759
10440
13632
27061
4315
4259
22361
15502
24685
22798
12267
1458
28924
18548
27347
29503
156
27698
9222
26826
9932
2788
3976
14097
25738
1687
12607
5917
16982
21145
5926
28010
541
2554
29106
11894
25002
29109
4645
21785
27875
14868
21413
15280
11297
9438
19453
23061
2691
18534
2666
1322
10243
3337
16718
29134
4987
176
23761
3730
18437
90
25471
23177
10301
13986
9704
13585
5028
12729
19078
16382
19358
12971
17998
2182
21408
17103
2602
10802
25298
9368
20951
8769
20310
22310
8135
18192
19225
24923
23423
1212
1672
170
1688
4225
24684
25199
29028
17488
23932
23691
4081
7712
20973
23046
23773
4816
21341
18599
9276
13270
19875
25438
11349
10819
20461
27938
11095
8297
19121
25523
19782
5443
17865
27074
7047
11924
639
27648
25395
17896
8944
8578
83
5348
23193
4599
8920
18794
20545
26453
4469
14124
17555
24751
25336
24387
4049
4490
3695
4742
26542
22754
24628
26486
12140
8696
25427
8230
14895
4001
12388
8073
22213
10143
20198
24621
28347
28349
8240
12851
22506
25450
14790
3367
23273
14920
17150
29462
24209
26996
18556
15742
19653
25387
19312
4825
20755
21376
21244
6836
11741
16324
17702
16363
22482
23668
15581
10611
6660
13744
18349
13945
20643
11867
5949
25140
29168
5563
8084
14056
9479
4362
8054
12033
22211
1098
25962
8540
23255
2287
18378
602
23313
7320
12028
24024
8566
25552
10236
3954
1311
1579
13680
2578
6867
2317
26967
13078
17730
15445
28093
23776
24636
17462
10557
13798
9612
8214
2804
26
13284
24239
18317
28102
3170
5311
18603
9740
2172
623
18708
18516
26113
2467
12945
492
2261
13173
18970
4518
27978
10192
8264
10904
27475
19626
734
5026
8982
20435
23805
14560
25539
16298
15645
19795
17646
7235
626
13019
24474
14897
11518
3280
26396
21482
22442
1462
18055
26297
11767
25134
27124
14543
7067
19776
25546
26602
6677
15208
25152
1407
986
12862
10046
16497
29902
9200
11880
22360
16969
2166
24618
26681
15218
69
682
13164
6390
26496
14333
24575
12724
19951
25858
15955
25640
3816
19247
21508
27714
6665
12438
15990
13474
9943
26931
4939
10131
12608
1701
2210
29153
5149
21110
25913
8008
22020
185
28131
13066
2362
9215
4564
77
15558
20278
16057
5263
64
3999
21844
310
2936
12138
12117
4617
963
22832
24180
7759
18029
7532
3784
4632
9826
28720
28596
8448
3459
24167
3848
27205
13275
1308
926
12479
7680
11827
21759
28287
29655
889
28017
4943
11569
7700
23434
15890
19495
5329
13684
20554
5455
11162
6099
26632
8254
25591
14915
16703
20673
6575
16448
12823
20887
17850
17842
13022
18185
12917
29715
24761
26503
24831
3726
17816
12417
22901
6007
23678
6863
208
8332
16775
14476
11326
17733
8514
9334
27629
2203
20402
17357
16864
11040
13985
4902
11316
21385
3822
13237
24363
7071
11124
9828
22618
17707
10132
17943
20766
10077
1856
23555
28522
18724
6313
23595
13032
19982
7744
27545
14452
17596
6289
988
11394
17826
5132
22760
12959
1093
19287
23837
2663
13122
21559
22124
8567
7823
25389
15754
1572
8071
8412
28691
20751
6542
22876
15184
668
3684
12070
23871
29941
9619
29034
9338
12844
6821
25007
26237
545
5301
14236
17434
849
13578
16394
12452
13353
16706
26267
10129
23004
2048
15529
11609
22629
2131
24747
26786
18801
6221
21549
25335
20273
17582
2230
27863
22931
12110
25442
1293
21431
5478
661
4781
12080
584
8506
28358
3821
19720
11037
23831
23243
6981
2879
10998
14551
4171
9973
7834
4702
20115
4585
12310
11216
20728
10478
17059
21490
17958
8658
9464
9747
4352
1740
11977
13671
14558
28868
16841
29295
25554
10338
23421
4921
14789
6094
2670
21763
2455
3466
22192
22015
17256
9714
4565
28643
23079
25120
8171
25209
29713
23363
10626
29308
14831
22670
17247
28031
7284
17783
1790
8342
8974
4915
7214
6906
7537
8201
722
8056
29962
7266
29698
20246
17119
24587
21822
4613
10306
28827
20747
18500
19232
22797
9997
3696
19593
21849
23617
26008
4722
5883
14603
24508
13071
15378
15587
23596
1822
27237
13433
1628
11203
12000
14038
24355
7681
28668
12512
3283
23890
14044
29690
11171
24851
19939
6278
9975
20463
11476
13944
5889
28823
3985
29976
1601
13242
26165
18211
9831
27389
8031
23562
9036
17872
601
10370
15801
25296
22221
4431
4246
27201
3164
16606
20870
1807
25374
4823
1747
2557
10582
9788
8502
373
4069
20935
20865
12336
20211
24431
20474
23088
19975
564
13710
25883
20488
18446
29732
20165
4198
25013
18020
27256
5195
6264
23205
19274
26435
23835
4048
11041
19172
10816
19346
19814
20081
21498
12928
7691
4204
10624
20148
12952
27884
16028
2328
20737
16790
12654
18260
9755
3344
23097
1183
26398
27145
6220
21998
19360
24259
10461
10770
27898
7346
18870
28397
23766
24152
10536
23817
19275
24734
27851
13384
27168
17590
10490
26275
7640
987
29637
26370
17714
22974
11661
14102
3601
5811
20279
26692
23162
13236
15249
2020
221
650
29039
7325
26673
2191
18634
20138
25019
398
20014
19327
27369
4576
3399
13758
12552
27551
17633
26664
10299
23026
9575
332
28443
6928
25020
18523
24812
25182
9329
6715
162
258
17764
39
20348
26167
25109
2308
3274
10030
23349
20624
1711
11392
1624
25098
23187
17980
22673
6147
11886
20098
12476
24805
28411
1359
145
4481
6843
12368
26663
17999
21855
6551
21369
23840
6519
26000
12135
17487
11304
18453
29879
4404
23670
23593
2361
14373
17682
26437
5063
1769
26444
23822
14107
9579
22777
11647
12219
10791
19039
23440
196
23006
23267
11733
16190
20969
29422
18746
28911
25026
6186
13543
8377
16403
22159
27822
24162
17096
4138
9769
18989
16251
9779
28465
26327
8864
13955
25704
9440
13282
26102
12022
18885
6270
12036
15310
27793
24215
5720
7182
28570
21718
26851
13244
11070
11622
4747
19870
7562
22770
3582
26088
25739
16683
19029
26906
6072
16682
10235
22049
14828
5776
6424
15845
697
5324
13953
3423
20161
26601
15957
1252
21420
18661
24222
805
9583
23324
19130
2270
21033
9645
7511
14690
21450
26072
26381
20368
12977
16628
13064
2727
18566
19794
24670
24025
27760
6346
143
15668
5440
4262
14414
11780
13893
15363
29514
29617
27522
28538
2192
6187
25584
5163
18074
28179
4555
23305
16901
1123
27891
9442
7008
19211
9330
28153
27408
14921
27165
10481
3364
6004
25480
12710
2245
9827
18195
11115
16624
21966
8427
24069
26442
15126
20293
1314
7794
5153
23990
26649
21619
26700
19027
302
20051
17808
13624
1955
17106
26617
3966
26606
15895
519
22007
3625
6916
8121
8876
4938
6932
24347
14809
10738
10467
25148
28737
13330
2266
9389
8047
16006
1429
10357
5131
19317
23427
914
10534
15553
905
19163
12386
28425
3652
4929
18880
16622
8553
19395
839
2963
18906
24304
22398
93
5832
26166
6086
14762
10464
4570
4951
27102
15971
4561
6902
3448
21845
8987
16335
7731
9970
1599
21205
1112
25985
19043
26689
5477
16769
10350
19961
29870
9053
3881
19791
27766
1496
5719
466
22388
29377
25810
11990
27065
20382
22590
24362
6076
63
15947
17419
11967
20119
24125
9860
8260
13898
7094
19765
7663
11393
14870
11167
20135
9166
29215
657
18004
17619
11253
3933
23395
29117
14385
16526
21857
3951
26425
17457
20581
18161
2168
17655
15816
29350
9836
25854
9416
9040
27259
13785
24160
4452
28610
25593
17955
1532
13207
21066
2343
21700
14684
20717
14950
23337
28202
12531
82
29201
1446
18840
19286
12865
2469
21017
15756
19881
11571
3151
29610
24686
24364
24843
10546
7065
18381
21056
23950
28625
5603
6995
9585
2580
27888
1543
26156
15550
19388
19933
11944
16124
26739
22253
28704
11592
28590
28398
15011
8065
28215
20660
8538
15211
12230
16804
17576
20143
931
26020
9301
8590
1608
14337
26246
4358
21458
25424
7322
2318
11108
7212
7715
2843
2344
1486
12095
4853
563
11307
13219
2132
7556
26951
8099
612
15017
4016
263
8733
8478
28825
8066
11723
1553
9567
3239
12098
6052
23529
17718
16053
19253
5815
28622
19264
2886
9315
23190
27100
5269
26090
4794
58
23806
807
10145
12454
13843
21243
24915
11443
22538
10303
11514
5238
20294
3556
12276
10157
28802
27173
7810
17121
3419
1452
3938
6284
17983
3681
29925
21266
10680
16215
21127
27874
10044
9400
7233
26941
1494
29322
16160
15729
5445
28178
4148
20040
13630
18881
276
29005
12679
7608
27254
7928
14939
14106
9750
2165
9376
28642
2062
18894
28693
3733
13100
5137
1633
14974
19085
3464
19555
29670
15861
26904
11992
2586
1742
10968
2335
22755
22559
12187
4556
20307
27849
5197
17836
22465
11159
17193
10188
6899
830
16301
28842
14065
9534
11903
16774
15491
27120
20611
12025
17449
21689
12598
24054
6228
14555
10937
17493
27243
10141
26892
1343
24413
6392
12648
20795
11003
27362
23960
2393
26117
9455
7400
9213
11682
1384
26429
26324
376
27759
19254
1994
3649
2534
21295
487
21058
22026
19343
11906
2283
2938
12412
28248
21608
15905
1282
23572
9235
22190
11006
2620
14969
3693
15702
9690
18067
20271
1339
3968
14350
16875
14191
8823
4374
20812
6946
24889
8764
3534
3781
532
13692
3984
12091
14125
25197
26852
3527
11212
15038
22874
27304
26589
11954
25253
20588
27537
5549
15489
22842
17322
8523
23348
1989
4157
16221
26901
18258
9201
3177
6822
351
5436
28981
5609
20146
10327
14622
16216
453
9892
24916
26719
588
29595
706
1877
11142
9217
10596
29267
10086
18465
14013
16856
1975
16147
25712
29979
20895
13921
10810
24166
16020
9532
27011
18832
66
5969
18316
9123
26883
16602
15708
28396
15616
23896
10106
26770
29788
6860
14096
15542
12983
8854
12951
22376
20360
2798
26084
16998
19865
5580
1906
21829
13551
25889
372
19090
280
18443
6704
15421
26629
17737
18869
26627
20848
26995
9122
9100
22011
8789
25681
17185
14113
4642
19592
7749
2780
9891
23638
14088
7395
7869
3835
25674
18736
7989
17833
17379
26319
8804
21441
4666
20741
20620
3963
12395
6643
8801
14411
21216
172
1285
15987
23755
28997
7602
26067
4316
8326
26580
29132
15488
4813
28640
24291
439
8018
15797
13713
25632
17268
10750
690
19936
12829
9914
6326
21339
2237
22204
10215
3585
5449
3345
12593
15346
15900
16279
29540
15918
9199
6404
26861
16636
23168
2409
20877
22054
811
12704
21494
17086
2837
25903
5842
7685
20682
2927
18574
26965
16779
8159
24223
4070
24888
13540
3150
15753
28220
26864
12451
14189
1479
12106
26585
12396
23938
17341
18153
15073
11548
14436
25332
23983
24930
29616
23288
3548
9834
25844
6321
20913
18521
16671
6471
16289
26014
25079
12112
19196
26147
10866
13190
21581
5862
22298
28877
20542
15058
18757
21092
29192
25627
6414
12493
13297
22155
20254
9110
17648
12568
7674
26115
22220
9903
5158
13338
20610
4511
7755
17829
13252
16454
5162
18320
22222
29009
1386
11591
7421
1563
27896
22348
15132
14244
16657
28493
6071
6467
17098
10346
9599
3737
3508
24839
22269
17852
2993
23827
12788
17062
4460
24350
8748
12330
11882
23710
18101
9174
29975
20599
29924
12581
13119
3817
18664
29905
24585
8965
6827
22349
21133
7108
21480
5813
23639
15433
881
9630
21297
7079
21574
10838
13352
25433
17790
21738
1315
28243
5182
14550
22535
28208
13311
13416
25755
20122
21981
16140
8070
2556
19554
6676
7412
26829
18412
20136
25412
15763
25697
24133
21260
3804
28385
27253
20695
13401
7533
7606
23853
28584
29348
3641
3598
7664
8381
29589
17365
13628
16825
21373
21741
1827
8338
21565
26978
29495
22521
12632
24206
29374
18734
28103
25541
3997
12535
10730
22883
1029
13399
7278
9477
11127
14500
20317
8032
17136
20315
15108
4061
17031
23524
3425
13814
14288
7109
26790
16369
23629
26803
3421
18481
16707
10895
4622
23567
22655
8759
5934
14958
4687
24952
1922
26863
14461
6478
4501
11923
11509
2142
29314
15406
5715
25567
18095
26221
1455
22075
15802
13876
24858
12432
20918
21874
18190
16796
11951
6483
9287
21817
8335
19629
29089
5785
11734
503
20709
10039
5247
16164
18847
23036
14279
18457
18204
2324
14238
9026
26427
1951
28883
7873
7719
24445
14225
26250
26888
24470
22714
15343
21524
25441
18080
1865
6524
11194
8251
16427
15064
677
27540
17697
20546
28775
5495
2862
8810
4911
342
4475
26662
470
12782
26895
1027
25649
12488
1197
24486
16406
5947
13931
25024
27785
25646
7578
4146
3547
27831
17586
15420
4013
7285
28364
28687
19179
23356
5674
11545
28771
4919
9980
24131
23112
16002
8241
943
28791
12612
21203
19671
12373
6733
26547
18097
21909
22576
7110
28060
5695
9702
4424
20711
22240
184
24845
26245
28734
22547
14298
2060
3376
24402
24219
18558
13639
9991
12294
11100
14415
22025
28421
13165
7036
17291
5814
17302
28319
24156
5873
13576
23195
27919
15625
18980
22304
12040
15048
27021
28786
2971
16849
27093
24721
23251
22706
2479
2546
17825
28133
5069
13784
1448
18329
13907
23179
18760
22594
4442
8312
18233
20453
11819
14817
18622
12287
12876
10472
18658
25494
8101
28683
4996
226
14084
3811
6590
8405
8732
4008
22602
25776
1744
14843
16971
21255
26353
27643
12409
25864
1497
10533
22150
9006
28405
23599
20465
25618
27394
2369
15876
15856
5314
7223
11870
29133
12169
15494
3530
9965
9906
22437
11240
18461
7999
22849
386
15305
25515
29176
24089
10073
17649
24917
6567
6482
10549
19035
4058
12837
22208
18863
5871
18133
26620
13024
27636
3
11419
21766
3496
344
25793
523
6495
12750
24339
2178
17883
28183
11931
27516
29225
28225
18582
13002
10376
11198
27359
24583
12614
404
4290
13109
13089
8299
13036
4706
25245
3433
3161
20909
4335
22171
6787
23681
6894
24207
28338
28030
10524
25767
27483
2829
8628
12743
2793
21722
9429
21579
761
9119
12762
3605
11093
10787
19716
10917
4208
12649
23782
7408
21536
18905
22860
24675
9363
17499
27560
12769
12224
17439
8664
12380
26954
21964
4754
20661
9819
15575
6135
7566
23574
16048
3303
8212
12485
29254
26456
24473
26789
890
9490
11791
14621
8130
28219
12850
11902
24571
1810
6811
15492
22158
1632
18705
18415
17465
25896
27418
12424
6110
3385
4114
27285
8651
23000
12798
17361
12667
4124
23076
18895
28170
23381
21962
9976
508
8
14306
9274
7261
2016
6322
10399
23022
11792
5536
4054
10959
1413
28166
12491
2400
24377
13509
14022
6022
20906
181
28520
28819
10429
6610
6269
10763
12872
3806
21146
11629
10265
25092
12361
28798
306
12061
25136
28111
9937
1882
28231
27979
27674
25653
22567
22717
8783
2885
5932
24521
17213
29842
18045
28080
16652
5796
23859
20399
29544
15284
4768
12685
18850
13425
6631
24203
18152
25256
15796
19020
4076
5919
1272
13137
14383
15622
29355
20691
8210
17356
4286
10018
9644
9034
15157
6721
21446
13561
13361
28403
14624
5909
22534
26804
22569
29085
11228
12184
19960
12718
21541
10138
4633
22525
12918
24346
2944
15468
1467
27341
462
19673
7102
12881
12676
23058
22454
2538
23304
4278
25247
15954
27444
2072
24308
23070
2814
18673
19809
409
17398
17513
24659
28328
11532
22018
21937
18600
8807
6848
10366
8605
22384
8017
25573
7501
11641
12695
4144
9648
10436
20354
14489
14387
7086
23029
21497
18253
10541
6462
29856
18464
22231
29211
6587
8229
27784
19679
20456
13706
9434
11358
7437
20123
15031
26419
3450
10095
15956
7406
18248
1758
7166
14002
22115
2983
5511
27797
6161
15288
5566
9767
938
7621
18226
7604
20634
1558
13665
21529
3778
14826
19025
22689
12309
21023
23561
17002
29091
26487
10955
7632
26369
21428
6287
23283
26526
6001
21325
25166
12611
5234
3331
3665
7061
25747
6838
2777
24876
2726
23535
17463
4596
1137
5578
5101
22827
9555
18609
7919
5607
2201
12157
12160
20732
15872
15118
3815
18279
2974
16104
24483
6966
13612
11298
6742
29032
2589
3145
13250
9867
23118
18828
27693
2641
27436
29606
13326
28071
19558
11060
6286
19015
5406
23479
19116
18196
29202
15539
8828
27210
6844
25126
12935
23695
16995
8629
25263
23407
728
28750
8170
17310
699
3461
26747
16589
26534
2564
15746
12999
7916
1222
20265
6030
22356
25168
29756
1948
13480
16069
16806
24359
15577
26575
24859
6805
29696
16929
25945
18596
5378
27861
29286
12463
19125
3562
16936
17045
22522
7561
11088
21179
21284
21965
10364
7120
17188
29520
10041
21434
27081
28889
7093
446
15779
6437
12992
13170
5606
8281
22617
21791
4393
13809
946
29986
16356
22648
15720
6718
19959
16013
17186
16012
26439
567
27685
10869
27177
22946
18289
12834
12334
22352
5643
13537
10662
10449
11752
6696
19466
4861
25721
29766
9422
25557
11233
6603
11434
25087
12017
11721
16653
27036
5493
10550
25666
374
25700
11584
9881
4621
14738
8416
10441
24645
28084
3926
4090
8975
23809
27182
13633
11340
26127
19342
6026
18959
12153
8510
1393
10432
9760
17735
27052
10556
13444
2923
20538
21740
13861
12498
13113
1713
21656
25940
28740
26094
26257
6904
28671
6993
5644
16479
903
18282
25983
17815
23532
28592
3650
15483
5577
10198
5463
13887
20442
896
19465
27796
5958
19159
29099
12500
8108
8863
1116
6415
1244
2717
8548
18749
28018
24397
9804
4526
7764
8291
22033
25958
14174
27430
26188
3703
19135
17787
24246
8094
16913
22263
6300
17876
26840
5210
26706
26928
23496
28417
18683
13136
21153
5907
18954
17294
14370
3810
29245
14265
13833
4110
19452
20001
23557
29679
29323
10781
28831
3728
15137
23911
29177
29300
11648
9895
8840
4762
4995
22978
15725
29364
8581
23683
18872
11556
15380
29417
4130
24711
28352
4078
15219
25221
1612
27712
25172
12299
2628
4718
2124
29291
26513
5405
28565
3107
7979
8753
615
22819
14978
595
17869
8980
16828
18068
7969
16553
1071
29446
8458
22350
28648
28995
17950
14984
26462
4153
18890
33
1527
28519
29468
22986
28575
27438
28182
23068
18254
18360
29144
7027
21151
27437
6987
13800
22
15834
20625
11034
9303
8124
12997
28917
17381
19918
6908
24608
12211
17884
27047
29515
28302
11131
23974
123
25174
8870
20814
24186
23789
1751
15296
20941
9042
17476
23077
14354
16941
21465
26358
21827
14311
2795
870
18755
6637
22254
28872
16543
23411
15583
9504
6829
28990
17831
8384
8463
10405
26671
1966
11850
26384
20917
13193
1193
24195
9850
15401
12047
24181
5733
12789
8107
1086
24919
20677
18539
7716
10555
25081
27767
26899
2017
3990
6364
4528
827
20043
25407
3591
29555
3212
8946
2325
25841
27092
7654
12499
26354
6767
17795
4798
28115
21013
3479
23910
6931
14966
27838
425
29559
11322
24149
17937
22945
8181
12478
498
25124
8683
9978
28729
2611
16435
24148
18049
19010
23824
23675
4594
14614
10916
15160
5846
804
4820
27494
21597
27901
8847
25122
22630
1901
21180
1389
27794
4517
19774
25493
3970
2614
16747
23872
368
19799
26968
1935
28249
8911
18739
7397
2978
17925
27091
20891
27001
11991
4174
22948
27809
29797
13393
9139
3041
15457
28500
21354
19715
15574
4137
14431
21622
18743
10996
3540
18910
8296
29104
8584
1229
14877
13844
21841
10615
9104
17703
20869
6068
19004
28927
18229
23716
5040
25123
23379
20178
11516
28296
1777
3222
12466
16478
934
27964
18039
15821
9419
2138
2930
7549
5726
23745
24273
24997
8265
17677
28621
6
19062
15348
11359
15698
18444
25879
29904
14128
13761
11269
27424
27576
12039
5377
7929
10059
1764
21638
11952
62
7005
16059
4890
9662
8774
26083
21598
26528
1331
12143
25784
26839
15594
18474
25536
20384
19139
12784
11994
13125
10792
14756
20142
23262
14946
11980
14552
15403
29626
17490
148
22281
2077
22249
4940
4200
21941
17415
5430
16464
29804
19377
18784
21317
281
506
27957
25190
8942
26320
23224
8897
2823
10419
15537
1049
3028
21063
3378
1372
20296
12461
10509
12793
8819
16304
19023
1858
12914
24866
29319
1750
27358
15449
13007
21037
8754
20822
25815
28123
16075
18814
22518
29754
10812
10085
13279
3523
12127
8825
9343
27464
6101
21752
2962
1201
24768
18513
16787
24038
28020
21504
24656
19271
11655
16928
5739
6674
7972
15383
20025
23127
7676
23024
13956
7100
25373
6421
10317
7781
22099
28016
17792
20872
27733
29897
8690
12350
7163
24830
4037
11756
10179
2729
12643
27038
24113
29
25381
29496
10872
22544
26972
6789
26833
28611
6060
22337
3661
15037
17775
17147
3076
22854
13063
26607
28088
8930
28982
26544
527
7428
14014
17709
24494
22470
28843
994
27614
6115
16654
29947
25882
1724
25610
15277
26391
19012
4378
11015
387
18416
18222
12534
16801
663
7753
24268
8289
17447
23751
18560
18439
407
20699
14266
29646
277
21547
29565
26100
28620
933
24874
21437
18199
6328
21938
666
19908
5646
21575
7053
9228
8575
4324
11847
7717
11504
21185
18654
7822
13430
5516
16997
13178
242
3122
18186
3762
18267
22769
4214
11481
29265
20221
4529
5874
24035
18896
19508
29730
22696
28211
28430
21182
23020
27586
2038
17818
7046
26849
8722
16708
21447
11126
29483
17564
12777
26838
8896
9898
22585
27654
9635
1714
24526
24496
21096
8756
4390
4872
16993
25912
4261
1045
26468
14093
16611
17140
8894
12564
7630
29070
24703
19332
17973
5295
8671
15443
4120
1925
27017
18368
11660
3736
23644
29935
13048
2954
15163
608
7001
15613
14198
25866
1103
16910
1439
18053
13827
7883
17041
26814
9833
13764
13306
26226
26808
20125
16169
19082
12661
15835
14871
3228
15074
10125
18902
1743
15325
19739
16450
110
17135
740
15026
7693
14782
18795
5573
16238
19089
17927
9593
15484
29799
7510
29643
13810
29389
2699
15608
25719
3645
25849
12441
20994
10356
26281
8010
20245
27292
26477
24168
11805
6369
11192
20955
4337
2760
7129
13689
29598
11599
28603
9366
4356
29900
13787
14194
7430
16508
4968
20280
6694
22446
28041
3931
4830
25686
320
5064
28438
17729
10745
19863
20754
10061
4134
8245
18182
6246
23924
27270
17117
3532
7970
25149
1863
12215
7399
7459
183
27922
3495
2232
28940
3910
28074
12848
10956
26633
6164
23051
22308
22135
10383
26032
1210
10900
6445
9225
26936
19585
16896
23756
10934
23510
16466
9637
14213
27068
23117
1613
1077
11582
14280
17424
14925
7651
981
609
18701
13940
27110
3879
15425
11365
15851
10935
3551
25009
18026
22367
27887
5654
23720
27834
12659
1544
22667
27715
11139
20116
11949
17001
21112
21301
5246
23997
1488
11119
2994
29773
7255
6061
19428
24225
15638
21659
21942
19201
21046
21401
27991
9947
13566
272
29247
21853
29803
28051
5106
22432
9457
8500
10728
22419
12133
7997
5371
12644
15247
3055
11263
8417
10898
19540
53
6856
27612
25713
13496
25586
27684
14814
21000
18142
19328
29083
8250
28329
4990
19666
7452
16310
14082
1489
29915
3977
7877
14226
21372
25789
8736
1681
23062
12331
13414
5417
9365
28044
11698
10175
3790
14176
28540
29624
24635
21601
23424
9530
6766
15054
26497
19551
1016
15630
15599
11567
4462
765
25498
18127
14760
2507
5349
17716
26515
7842
28658
27623
20153
3061
8547
1356
1950
14047
7809
20274
3538
19439
17719
18610
7898
9564
18601
28331
1189
27905
29531
27395
16227
13577
14115
12849
14588
20495
23640
16882
17267
17204
14464
20519
27908
92
21130
12775
4046
27229
8125
9505
22108
26272
28497
23401
14598
23204
14977
8244
4240
3971
25279
11830
9134
6149
18466
28876
2826
10674
15254
887
5941
28163
16308
21907
614
22745
4779
1312
15366
16314
4156
5982
24901
4053
24005
14573
3033
9052
29519
21721
1175
19242
29793
11499
19316
753
28002
13815
10920
1638
10668
22716
15393
12517
29657
14064
13103
12691
15016
2306
16534
13748
15582
23526
14069
11683
3308
18532
11383
29958
20389
22001
11054
5960
3241
7494
8558
20578
17407
10253
9910
12860
16073
6157
11256
5164
14632
19889
14471
11657
24091
5891
21987
815
6622
2082
4483
1853
13988
21294
3104
27656
1113
28970
14478
29634
26522
7480
25362
28731
4965
4732
18309
19299
7688
11997
23645
17898
27297
8533
24022
27955
3668
12714
25687
7209
17151
1164
10793
25845
18943
28273
6726
27915
24400
4677
2066
8028
21655
4544
4256
17411
7552
25444
9283
14823
724
710
3249
22615
27798
23851
6996
3688
16618
20188
14731
2517
14141
12902
15946
22327
23197
4178
28562
15752
18076
2382
23172
15035
29614
23239
13976
24245
8311
19600
10821
7172
16854
4684
15784
13644
24924
10990
20506
7797
1811
23271
22633
2100
6525
14170
12780
29433
25010
16675
22242
19304
22852
10498
4258
1855
4244
28918
9125
25376
12049
640
21410
17553
671
2439
8940
25964
24003
1691
29757
21080
16278
2286
15610
22198
2442
14331
11138
29751
4607
28213
16290
14403
15680
16014
3572
10330
9160
6345
2341
3783
15751
11424
12232
20269
23470
29835
16757
10553
7020
22677
17889
11259
28461
549
18166
17830
7955
23303
18719
28155
1313
10011
3173
12628
7765
16664
25781
24232
3109
13291
9594
4435
29532
18042
2883
11558
11205
11958
15151
999
9459
21319
25657
9915
18103
1664
23131
12154
28024
9107
25291
14607
23970
11123
22545
13288
7319
19353
8971
27867
282
26187
42
2502
21916
17382
6663
4075
8001
2225
709
13145
7896
29566
28437
16148
17748
12901
11314
1304
29449
18115
2301
26064
4802
10677
14534
19185
23163
13721
5112
2694
16017
20924
22583
12978
5004
3854
28188
22962
29912
22400
12295
22436
15920
4516
22386
10186
25103
18583
5468
25319
6532
3602
2887
192
12981
23422
18509
9003
4905
8126
24848
7334
15434
5879
17312
11324
28098
17742
10183
19825
3847
6496
17335
3937
24348
18363
20201
25358
687
19887
7859
6762
24918
17183
3243
20085
21208
1861
784
9077
25832
10897
1997
28844
16768
7309
21972
14151
23439
18286
16992
9972
27421
4735
26394
15371
21394
21236
29651
13933
27073
14723
26651
14862
14963
8437
7034
23711
20967
8216
20073
24073
6502
7659
19474
13962
17840
5008
23903
23857
13697
15307
22740
22866
9720
15847
21948
27770
8734
21515
3550
6872
29776
9369
2290
1699
25796
13714
20044
652
3306
3633
1976
1166
29189
25934
15830
23900
3137
27136
2725
28424
27792
19233
18791
164
2200
4392
10220
18009
3600
21167
28457
260
22665
25922
28541
13488
17079
9743
8499
1411
10641
23850
11825
2642
4797
11505
13049
21386
14490
24432
21934
25874
25520
22818
21825
10519
29511
2909
8682
929
17658
1513
27542
3674
27598
15604
26108
28038
16105
22989
22981
1871
16154
11385
7055
19392
22847
17609
28322
26010
9254
24789
24384
11718
10093
2518
22763
22792
25232
129
2920
10381
20033
28207
22109
16010
26799
7260
25401
1247
19278
24480
1557
16689
2315
11530
15864
420
10385
5570
25436
25971
27294
4548
153
21834
12137
18150
14243
3708
25979
27024
4662
18232
7251
11036
26482
2314
1733
13454
28194
28747
18797
26551
3162
6509
17685
20053
19339
20022
9436
2988
13333
19610
9582
14596
25848
9658
12082
20076
9384
5142
17190
1708
8556
11612
15929
9753
29244
19921
2349
21712
17492
27474
22676
10444
20248
25040
6046
17705
6139
21611
12572
26042
3940
3861
22731
10870
21087
13573
23772
10434
29423
24456
2859
16237
20659
104
20856
14126
14284
5365
7117
22807
17957
15528
19700
25388
21967
16822
23113
8610
17280
21466
2384
10089
1881
7855
24668
15551
9427
27920
2545
2359
20282
25744
15646
9652
10147
29429
14836
17767
441
8531
18991
16858
606
20548
13572
18302
23244
11101
12244
28025
747
1760
592
25893
1088
12619
24704
7687
29102
18647
25466
6772
7875
18311
28682
16336
12630
15103
18072
7902
27814
22808
6909
4543
13879
14837
28393
2254
1514
27163
19571
3575
23096
26780
11520
27138
7987
22996
21661
27847
29594
3248
19537
27683
7665
19588
23904
23437
8737
23186
2347
16817
12103
12526
3405
26686
21989
3394
14451
28673
3518
26161
17428
4354
19298
23494
10049
28985
334
7014
29631
9424
8831
26823
26678
25900
12303
17482
18682
15653
18759
9320
9820
474
23
19775
22631
7268
10455
9626
15917
28277
11729
25708
1692
24490
15744
6861
23364
6258
29455
19823
6859
6189
18783
8912
14274
7756
1604
1209
27679
21832
12930
18198
4336
7091
2718
11524
28676
27140
1334
3377
3627
21279
375
25074
10374
14992
12198
26386
26665
14609
29718
25014
13703
22987
1021
19443
13199
12124
9319
10499
21320
4716
23669
22270
16643
8694
18639
21451
315
14825
6463
18829
9647
3473
1382
29883
3422
19712
24269
26240
18792
19509
24058
22490
369
16172
12934
3011
20335
25545
8475
1739
13801
28433
15100
23019
12618
4402
4855
4279
57
4027
15930
5927
23969
4283
22091
16833
19550
22474
19699
25808
14901
1748
25837
2491
14676
24985
7090
28426
6305
25062
18427
26878
12963
13727
11821
25314
23781
620
2594
14734
26015
71
23027
21925
22664
19230
1676
14645
16285
7257
24103
11820
6581
23240
22063
26119
20218
23560
25699
11863
18183
28503
26415
6857
10863
27112
17358
6720
25974
25266
3097
18421
21155
22291
18728
17933
15152
28980
11067
15265
12132
23801
23941
26286
27619
8903
1156
8710
20207
21141
22497
6554
8128
12665
12163
11901
6038
1734
23937
22869
1753
26553
8561
14679
6576
20653
23270
9468
27164
7743
29082
6199
1258
16381
18551
14650
20735
28232
25165
25587
18572
28379
1819
2099
202
4675
22456
10778
18751
26175
7484
24688
19049
26087
23066
23833
24759
3408
23747
13217
14715
10761
27550
27611
16325
5713
4859
12235
1268
21810
5508
11416
24477
17988
1904
535
2040
21968
28955
3152
26794
3091
3230
21747
12537
13187
16789
10324
27596
16384
4361
10071
20408
19164
28991
9106
20614
1905
9801
17661
29142
11679
25161
9318
16601
16722
8360
3134
25056
14832
5399
3525
15389
19444
19251
6938
22652
22596
10647
8802
28986
5888
17708
10110
2567
5368
17722
21826
3884
25289
3404
23540
24272
22597
5214
20726
3922
13382
7232
16038
4958
21604
7386
11747
17770
6308
29711
21977
7620
19335
14572
14985
25159
21944
17785
4534
26389
22464
14625
18235
16050
20058
8154
2563
21818
29539
25679
27562
29629
9306
18201
17223
25578
4627
9208
7666
816
29700
23445
14197
15289
10843
26123
13374
15439
12786
14540
9695
7153
1135
28930
11909
27172
29659
7151
3594
19877
24297
26909
18732
11687
22728
11061
1809
18581
16984
56
19821
13674
23464
22671
25215
3980
15021
25678
26478
9772
5300
25248
16425
15019
10981
17066
25018
27461
2379
28528
26460
25262
10690
17788
13913
29160
25229
27709
12957
8898
9286
14955
21734
13582
27325
17080
5262
8525
4809
17726
7866
29484
19568
11344
19713
11283
27678
29832
12815
5662
4691
13536
8496
12774
6400
18908
23106
17263
13992
23538
12027
28904
9480
14956
28067
20243
9512
26152
13757
17673
8998
3080
22290
13974
9178
24352
17990
7657
2358
14812
23201
24554
22580
16836
17111
19345
24411
1520
26455
7847
27932
26236
2059
27503
29297
20291
10605
951
19123
17389
23898
3258
4118
13105
25286
13539
7931
12722
8051
11120
4626
18859
20551
10851
21514
20489
16099
1555
23582
25091
15461
22498
24869
25606
21813
11042
7173
14654
25196
17387
2137
12288
19518
6948
6023
18911
2668
12645
2174
4395
17526
2450
12247
12468
18160
14579
6054
15647
24250
7500
218
28646
2097
14590
15379
18722
25968
15984
15883
28290
21800
24968
27850
15506
3788
15755
428
9253
28714
17148
11109
5722
11910
13383
13278
5877
4231
26811
6156
7062
26577
17094
18937
23641
8406
3023
3108
26977
24303
9749
4413
14847
15672
13903
11227
25235
11562
10697
21862
29362
2003
20561
9013
7611
29270
24236
21117
10940
15914
12226
20006
4515
24214
24176
27704
12240
22021
10062
5541
7158
14661
21492
13641
4345
7168
27501
4433
17403
10783
18207
8638
3193
590
16700
16772
16555
1622
18597
20767
292
12879
12196
11
28817
8237
23909
5203
28297
11536
24479
11310
18497
4033
28628
3020
1536
13484
25250
11946
9460
24013
29242
16976
22359
26158
27699
29266
27125
10124
29846
4738
29474
18361
18056
14055
11189
19325
1723
18073
7391
26630
4674
1160
22407
322
26454
22295
27320
4851
20252
14255
18995
16586
12296
985
7066
12681
7329
22775
24514
28907
14291
24561
18132
29750
5837
16395
6217
16281
21616
26975
21667
27000
24276
2354
3213
11402
14729
7707
22370
8908
12158
829
26317
21511
24953
15323
5899
26232
16930
1351
18011
22424
21377
24672
80
2585
27858
20032
5352
1841
23712
7238
3123
25185
17822
23648
18251
1700
28900
12422
24690
11693
25102
10607
7656
12469
7081
21247
20067
10922
12458
4043
1564
10255
21584
2292
28
1013
5304
22851
7840
29684
20971
14103
29031
26999
26628
24962
7280
9811
25772
2375
27900
13210
24863
7271
16143
25580
21807
18675
9493
18782
12165
24785
5631
1862
13300
9797
7973
17355
7336
21979
25478
13485
5693
19470
23667
19866
26392
5239
28200
8788
28073
24695
19464
21241
5526
9298
9549
2236
22052
23882
25556
26248
3224
13753
27204
4216
23604
23671
12119
7159
5387
9849
21703
15392
24536
5359
2939
23199
7750
22682
5279
12437
12430
6019
18979
3199
25740
13147
25683
20665
7684
24020
27731
6508
6858
16081
6338
23344
9841
27982
25411
6222
22346
28233
21783
14234
15092
15472
3158
21612
11384
3503
21235
18303
25768
9259
6957
16461
19726
21614
14440
12867
2786
11149
12170
26178
20482
20584
7636
17518
10491
18674
9969
2122
15315
22891
557
11915
20129
24793
29074
22101
25809
28772
1262
12475
2470
18916
22121
13307
11738
28944
22306
9021
19032
21607
7614
20475
16263
18399
14651
6203
20719
13508
3068
18338
11366
268
28272
24651
11442
25991
8762
25906
22047
6301
29633
11848
4112
2049
29227
28241
18170
20959
24171
21940
1824
7170
23034
6494
22980
14271
14118
28564
29204
21044
26785
17032
28353
19169
5557
26981
6358
23597
24666
15859
12253
5474
9279
16196
780
18696
5224
3612
11534
6901
4381
18498
17567
2214
27080
21900
28485
20679
11529
12741
15255
20471
190
15237
17812
18130
5144
28366
17228
21389
4088
8699
6825
3904
14405
5725
8016
27401
7073
27804
21158
28072
20233
5180
21079
20586
9608
2659
12656
4980
396
9430
5680
4095
25628
4513
20756
21215
20716
10181
7016
28753
15739
5912
15924
18637
12915
15463
46
23362
17942
13386
19546
7293
16492
1482
25222
14529
2128
22881
10540
14184
27235
8907
8740
29457
2649
14312
24009
9230
17496
24855
10909
4870
27222
6686
24792
28129
11084
16862
3992
16438
6786
11464
2967
20894
6536
19261
16961
19674
9518
9130
5198
11586
20313
3554
25100
27557
29779
5868
20670
15441
340
20945
18811
26164
14052
27439
6158
15800
14341
5940
19884
18350
27877
7703
20395
15362
1412
12990
29769
15274
21264
21286
1770
9378
20417
19260
1534
29360
4785
21727
3167
504
26253
18191
17561
4659
26658
5897
12763
1776
5025
19257
10349
5587
21594
26363
14905
14319
7805
15345
23635
27647
16741
7203
9188
9780
20234
7852
20604
11148
2498
12755
26871
23198
9341
13043
8336
11025
22921
28898
6807
16280
8594
26058
5924
702
28227
7864
25143
2525
4030
1586
1219
21918
12885
2445
19115
20193
11699
3782
7671
23125
16084
12527
14631
21128
24301
13951
19224
2464
10664
28853
22764
13225
17454
24862
457
17897
26467
8679
4715
4812
28159
11913
23462
15005
21253
16496
14947
13114
2440
12046
8895
2601
15499
8665
26857
28395
19945
3483
21716
1279
19619
3012
1114
429
10082
19662
28330
6050
18417
20183
2352
16175
28749
26582
21194
22816
17696
9000
25999
29706
14317
8691
17670
2592
8805
17074
19206
7003
16052
28670
19234
6775
2356
27780
1812
18861
8060
14196
12320
10656
23549
12293
2947
24340
29078
1844
14480
29942
13115
3620
22387
20400
94
4470
11535
9673
21364
29701
18619
5761
17547
14114
7679
1
9956
2336
826
6552
3416
10844
25490
26383
17541
2654
26788
8145
23436
14292
9890
251
17426
12634
27009
26933
22913
18546
14394
18157
9093
15440
18642
14720
4568
16115
27903
22783
15417
27364
25331
12129
24560
9043
19001
25145
14930
15567
26085
15373
14448
9600
29703
21346
13215
11602
3799
29023
25012
600
24430
29620
13023
19463
907
24807
9409
471
23501
912
24849
11066
13731
29755
4960
16408
9138
26076
8626
27082
27197
17372
23514
21086
20363
25993
13546
28964
11023
8881
5193
28529
29913
18218
22805
6387
21634
24949
25434
23564
24778
9101
23517
14400
22307
2550
8715
25408
23252
29260
11546
776
19697
5542
3240
2080
5791
5492
20572
6527
8382
8133
13912
15690
16834
14049
25423
16815
18873
16939
27301
26475
1570
10651
6256
5489
20972
4549
1908
52
17740
13932
14739
1602
11172
21802
28903
26029
17662
21415
26506
6873
10597
16180
7221
7926
16511
29369
8685
17940
27029
12792
13868
28454
27633
20591
21006
3829
14059
3517
2190
15153
23361
2340
14459
6448
16315
3180
20212
29714
120
22162
17915
12013
13201
12382
18223
15612
27195
24516
13878
14074
16872
10815
15354
8350
12495
9271
6887
23841
11320
4521
21246
27803
8885
11265
28429
22332
19511
1133
29959
29376
2658
6801
25560
7568
14408
21211
4211
6493
2759
844
22499
29955
27602
7699
7786
7384
28314
24896
20539
27664
25203
3846
8544
21278
13620
10749
17394
6628
16491
1228
21946
4294
1712
14010
2198
22983
22364
6125
1054
29467
1585
12384
6293
29744
20383
20268
8352
13156
19824
6924
23569
14936
28134
18681
27890
12142
3183
23662
26873
14227
10240
24047
5496
17877
17303
17545
1956
22008
29311
16510
2070
14941
5362
24661
1889
12055
8087
25745
21999
5751
14130
10458
6244
24371
17181
3704
29378
3070
12059
21986
5188
22203
8554
11823
22034
5754
22237
25303
28392
25788
6934
5878
22929
17903
25799
2291
20940
21910
16701
4372
1072
1973
15967
14640
23450
26434
21881
24617
7347
25863
4369
27894
1715
7957
23913
21756
24074
5838
10139
9946
8269
17977
6314
10710
577
13368
3651
13020
9963
7994
20884
16436
23843
5337
6738
17100
29280
3566
2897
6092
9924
26277
2438
9387
11566
12141
13746
9483
28410
26835
11574
150
5179
701
23730
23633
7207
8926
13097
684
25923
27515
427
26446
9404
3689
10424
12801
5915
26520
10951
18671
9185
2350
13960
7136
27989
7903
6779
15825
7359
21786
6319
21421
28147
26583
6029
28983
26559
15936
20537
29954
5968
26763
21107
12026
26647
22599
26971
12764
9684
2696
22303
2910
7914
19265
2644
16513
26717
2553
11268
7218
22638
28659
16832
26023
3680
11082
16694
4253
24325
19003
15331
5328
7959
27966
7524
22844
5136
19803
2536
14290
20092
3398
6714
2693
24955
21419
21353
8869
17127
10475
14898
26150
28311
4553
28246
21051
5672
22195
3195
15
14390
12354
26868
3265
26858
26660
3809
24314
3365
401
17153
23343
26022
17803
3071
16400
19834
13635
13239
25630
15602
28255
19396
21213
16673
27152
9171
15722
20102
6485
8794
25479
7328
15997
755
23791
24894
19804
26254
13367
29727
12968
29741
29604
11697
3955
13824
17442
8677
11177
26728
27818
24329
15546
20441
12553
6227
21526
8194
23521
1726
18956
13186
4912
27526
13796
24184
1218
3413
15993
11346
22624
23261
12394
15817
22193
28259
21330
5943
29251
25926
24979
14819
16276
26603
12938
28525
24046
919
18817
13320
13317
21405
1119
28824
3017
14413
7007
1614
2529
28442
22995
15101
19544
24097
29169
11252
25514
9664
29368
962
17244
3932
27025
28148
20888
2830
25909
5183
15923
27724
11449
3063
24383
25614
18903
23161
17384
25472
9304
3474
17163
3264
10687
24087
19219
10311
2750
26385
1993
23531
24165
4601
2784
15412
2745
22014
289
29961
25225
13629
17479
12509
23327
28645
10861
20037
5046
7767
15230
2621
15435
518
12162
25925
12306
25707
2480
11800
25655
26470
3852
718
20056
891
6075
4468
21400
9697
15836
18884
15010
9967
6320
4094
24597
7865
14878
19424
27225
29097
12285
15833
9974
26592
286
27940
25982
5204
28434
6306
2746
11195
27585
3739
14553
6929
13978
3712
5642
7022
10479
8359
18400
14508
22632
1287
27703
20605
20778
19730
14386
7013
25329
7580
25760
5456
20854
2500
3998
25264
11722
2300
26469
9584
26315
7502
12508
9670
27261
22450
9150
17951
24737
15243
14462
29728
12371
12640
20427
5150
28323
5147
22508
16634
16893
12101
18406
1068
7123
26759
9121
29687
15533
17091
9327
5562
521
22283
4956
21285
21331
9001
9065
25390
25597
4235
10608
4977
23996
29223
10057
16777
20131
21875
18947
28923
27566
28274
9601
4348
1095
18436
19423
24293
22838
6656
17290
6880
7019
300
8724
26983
22894
19100
3750
24292
29264
16044
25823
15693
8141
20012
14272
23624
23214
27344
10470
346
19971
15692
22927
29551
2535
10584
6768
7374
21595
11503
25828
23497
5523
24055
16040
15498
20086
9681
17618
8563
24629
14209
10614
1270
22941
348
4584
6254
6152
10598
11291
17306
19197
29050
24449
8719
28335
7740
16539
23507
10100
28299
20373
8928
28631
2213
2372
25730
19967
24523
22325
26182
15523
29622
16686
2984
3867
2787
17413
13634
13351
9523
916
19315
3793
14983
9533
8959
21535
21290
6813
19308
22514
20961
16518
14583
8728
842
366
3751
14492
24263
24202
17994
27179
21673
12953
22933
22737
16415
8160
14273
9580
18116
2869
14722
8714
25522
26027
481
12031
13249
21293
28633
5740
10836
783
15141
26900
28599
14391
22756
13984
23867
20687
24271
20409
13011
19168
13221
24832
5844
6638
11709
11295
24998
17075
21387
20481
3435
20329
13357
9380
27329
18854
5296
28381
10817
25468
12812
19996
8205
20255
25705
10905
28092
8397
3120
18666
13946
23674
13529
8086
4615
29597
7200
12891
1627
24758
29712
352
24139
5990
778
21771
7344
5451
9786
9191
20566
13415
1640
6058
13281
26204
25798
15291
17042
7935
17521
25818
15989
2593
21274
21648
1299
17862
5161
7229
22317
4420
12139
5039
16389
22051
14692
20923
8072
20216
29981
6832
16857
25090
28467
2783
9449
28882
603
1808
14615
13622
8893
253
28446
18941
9083
15633
5594
17512
21486
9231
6461
1730
24511
10369
5803
27103
5109
6689
17269
25414
18867
11239
26256
7372
28388
23160
6243
27883
6037
14574
19313
11473
21411
8263
19693
732
15520
18033
17058
9135
21755
21840
9005
11879
15961
16726
18402
26062
1168
19198
2985
15340
12375
26005
1231
10581
500
863
9017
20685
12420
18538
15416
13989
18660
4474
9465
7927
6528
3144
22344
9901
24881
809
28383
18403
28511
4215
984
21848
13908
17257
14619
21454
5853
21697
27004
8117
26813
8557
29485
7905
5821
768
270
10985
2483
20613
5802
7409
22830
8613
24683
15062
9210
6662
1944
14586
23123
20837
12115
18136
14503
7713
790
20321
13755
2041
9262
23620
22023
18621
13150
26636
29238
20714
22503
9919
18086
29733
2421
4175
14595
11940
19246
28009
13257
23999
13712
10462
9777
24324
28256
9345
21739
9249
3430
1895
17668
18125
7063
11649
21593
18624
17177
17891
14732
20514
5208
6614
17208
22132
14344
16782
6534
8040
6433
25021
13449
14222
19141
24159
19282
9942
15781
17011
25461
7516
5215
17430
13690
17794
12071
10878
3119
15272
27646
525
6441
21610
27154
22357
20292
18456
4758
18158
21329
364
573
22532
13261
26151
10340
29826
2205
29205
27166
9247
19735
11966
8199
28029
11140
13392
2326
578
4637
6443
13615
21558
7993
22401
17299
976
24398
21975
24780
22139
27404
20077
19634
17440
9180
14896
381
16299
20505
11953
13739
24465
14554
10391
2342
24409
16697
14438
9356
26481
24897
12173
19943
19119
18909
28810
25192
7469
6549
21214
25609
24495
2316
19746
23972
20319
10751
5446
17599
15181
8923
14482
27575
14604
7807
13397
9285
17165
29661
20237
23493
5199
7018
18935
1868
7595
15446
6607
25615
25957
11776
12582
19709
3470
4382
7783
29801
19186
22912
18645
14498
13884
3626
17327
4353
9646
7290
19911
2013
15880
21416
28444
1399
19751
28095
11573
18059
9789
29125
6826
1284
23064
17845
785
7538
12753
20158
2458
18577
29414
7
17210
8824
5647
5289
2677
4068
28914
18952
24730
7125
16018
4769
4685
10210
2562
6378
8398
8809
27754
21775
2063
9888
24648
18886
28864
23245
8642
18898
1111
2449
22448
27455
15159
16185
20457
1529
264
16980
21669
22216
18614
715
15886
27309
18733
25692
1929
25656
13511
26307
21715
17130
845
24603
28822
13765
6723
15639
29357
6985
21343
14810
15524
4828
20327
9950
5313
16964
27668
25970
22488
11768
21708
27777
13258
9752
18177
5845
13378
26713
4909
9221
347
29371
1928
1823
5019
16265
10066
15182
28245
14029
5299
20785
3396
13054
21075
2864
11201
27676
20272
19054
11765
19167
10245
6776
21637
6165
5637
29886
4630
2719
13090
9049
19512
23568
26339
17034
16945
9603
23611
18690
3973
22701
4757
4731
5281
4907
22968
6124
24283
8832
3946
21049
8771
29742
21885
15386
26643
18554
25534
12559
3058
15671
8956
29549
5775
1187
19868
3929
1471
3687
1481
19724
16061
8256
15889
13920
21521
10068
28386
16962
17991
14589
17797
16797
10489
11589
5640
25346
26640
29978
4263
24631
7793
20752
23600
1506
23089
13030
13222
23325
11431
27079
18310
23334
617
19022
25992
16838
5613
24059
7476
14894
29456
9331
1483
16873
22940
22742
7924
21367
16198
28719
29432
10126
11158
16284
21744
6744
25650
8943
13437
1885
358
9172
2139
8958
17266
5659
5271
17640
5256
14068
19171
14195
13094
20167
7827
22016
21831
9140
21150
12107
13400
24774
23965
22183
24545
575
20753
21115
9469
16529
27324
9402
3075
13442
24081
10121
14395
4788
18846
22399
25383
1611
5656
20017
27043
5522
197
12171
13595
3699
11904
7627
19309
4950
13702
18993
6240
14043
27764
6562
4656
24270
13972
20502
26124
8257
6883
19034
22076
5211
26519
26325
13148
20689
1223
16830
4598
113
3489
8223
13996
26532
20192
27956
14418
24963
6598
5661
27853
23878
419
22971
17522
11632
21061
27250
2913
20788
24075
11373
15731
1069
2761
13369
8508
11726
19613
19523
6702
22675
16429
810
26718
14027
17122
6886
29745
20901
8215
2881
21867
14659
5416
24969
12114
9326
20931
19362
28517
16390
11058
27547
18003
12053
10941
16579
12903
7874
1357
2252
15762
3174
22526
20633
9418
14382
15321
7288
18762
17196
20639
20509
1545
3313
9011
4166
12664
26743
20562
16940
4314
17433
4896
21843
4618
29901
24893
15785
26155
25811
17370
21345
29921
26235
22674
5983
12044
25063
23308
20840
8307
11763
6615
29895
25380
23456
7848
235
29556
28999
26224
16536
15158
11744
4992
17371
21665
8497
25996
22142
18573
12727
14150
17000
28113
26726
14800
23241
8419
23281
3476
4405
17687
7600
2741
20041
29974
19189
18244
26751
16770
12448
5922
25775
26279
15863
14053
5752
19505
9116
2146
25488
11292
6175
25890
15357
6324
28096
9467
24408
15516
28063
29110
23634
21220
14568
2267
7854
7917
6098
12651
6699
25599
5755
25071
7267
15978
14145
1480
7371
26018
7363
13087
9570
26091
27057
25417
14003
10065
12510
29093
29209
17965
19856
17653
13626
24738
24882
880
29953
24121
23383
23208
1780
27188
20828
9787
18294
28601
18692
11004
405
5264
1405
29081
21453
1521
6184
21833
26053
20783
9393
26916
16593
29434
28546
11083
8527
22397
3130
7436
22768
14618
5525
19295
20765
7482
15298
4292
2353
23371
15185
28848
29808
2740
20629
18063
4357
25511
21239
20328
22924
3153
21042
128
6295
15367
27868
23586
25529
12419
16379
4881
21471
7520
6514
26758
26683
27434
29722
2833
6711
29461
15556
9147
27859
15339
130
19262
414
16714
29692
20074
2494
17112
20418
1766
26026
708
21952
20603
1398
19126
19696
362
23232
13943
24850
5663
15318
3802
13289
6748
27189
16151
14009
879
15324
17233
22640
6474
6429
14667
7211
5734
11207
14873
19007
552
8400
2834
28301
2979
4128
8839
4226
3218
11672
28690
662
19045
15342
19582
2296
16218
18296
3189
24481
5450
3393
4972
7298
8002
4842
461
28466
29015
8702
10099
1639
15375
23412
29459
1301
3181
14937
12613
683
22659
20527
17863
165
13742
12474
6543
20560
27677
20580
23116
24210
808
22693
8513
12994
28790
13788
3636
14876
9858
18698
23883
4597
29765
19797
29135
25751
10911
12751
21123
12603
8446
14533
23959
3009
22368
22606
24994
16334
5518
29922
29478
18969
21838
22126
18684
25455
27836
14726
13379
20473
6905
12152
9048
7513
5876
26593
6208
6633
23339
6920
29048
22239
5111
29387
1503
10722
9267
19187
6751
26887
9987
7645
3659
27962
21686
24884
12019
1176
18278
23180
12699
29554
6376
28390
10508
11456
18531
10037
8059
25397
1288
7597
5265
9616
13362
942
26701
15623
24890
27215
1936
13174
8787
1237
23174
28377
26465
22422
20258
25214
10074
9982
11652
6153
15332
19599
3064
20484
23212
14874
17801
29720
2742
9446
4867
21692
26870
18598
3133
4055
28585
25726
3362
303
22481
7376
13191
29868
27705
25611
13979
2532
5767
24510
9173
26847
18397
2838
14360
21281
2419
12090
13521
23973
23968
3250
14612
29548
27023
9390
21861
19668
16271
3178
23680
15981
24992
29184
11644
21517
3714
18477
2504
298
18348
16170
24311
13735
4305
29919
16088
1124
20988
4503
16273
12820
27995
22932
9862
26841
16826
12840
23663
29008
20983
21985
27499
10004
8507
5428
10685
28762
28717
7942
28656
6438
6127
29353
5532
27565
17065
3791
18670
8380
3747
4077
1832
6620
7258
29450
3774
17565
1143
4426
6634
24641
11334
12574
21256
15674
27414
28634
17458
18992
24790
24601
23500
27053
12298
17144
27403
7040
4610
6806
15222
19833
3255
22406
4073
4340
5119
12725
3216
24416
8886
17813
15804
7156
15142
10008
8634
6045
4173
15995
15105
20646
1430
16046
11554
27544
12524
26776
10591
22822
12102
207
29680
18917
5375
23072
16840
15569
15145
21193
22335
2426
6154
1012
9793
10297
25891
28276
6911
29940
13850
28973
7814
4449
4799
13139
10052
1491
19758
17471
21399
3660
29043
7718
25475
6907
20672
5558
22953
9578
12404
25249
16855
203
19280
12852
18277
23987
5781
14909
15086
15966
26911
17259
27410
3284
2102
856
23736
418
27640
12191
2058
19964
24172
27066
16229
15657
22409
7068
25669
10343
17666
17417
25326
16576
18552
21683
5676
25155
12972
14834
25244
19394
27315
510
27934
18710
12796
22934
12800
14472
3439
14162
8337
5937
2418
4100
15094
14257
6082
22273
17253
15794
14649
27548
20266
25601
27543
27264
28043
23704
7370
27517
23888
27827
24553
2047
1195
16642
28694
2501
9278
17689
26879
7673
25710
24899
10161
22173
5325
9212
17139
19371
27787
2728
28059
1915
2436
4810
14437
11451
21474
19627
12161
14465
2893
19176
21019
4947
28962
27829
8957
8904
8565
18860
26479
22647
1141
16738
833
12344
5020
11500
5219
11666
5346
12099
3546
3654
25115
23144
28229
19144
23931
7041
24938
11972
29716
23717
29735
26976
17209
10113
18790
1927
1690
16163
13056
87
14913
6174
15866
2739
21644
458
28234
23238
10507
157
29991
21349
21272
15391
23474
10580
16333
21077
3432
9099
17971
13157
11852
13618
435
20786
6675
5918
21714
26198
224
15112
8466
3634
1537
324
19454
18631
20155
4588
106
10974
638
26284
12057
13356
20647
23918
26574
4498
14616
2453
16383
6600
5389
24902
1108
27299
19099
20669
26588
13039
24728
9237
20536
9437
1542
2515
17321
5383
26644
10308
13919
12043
13029
1698
5552
26262
25918
20068
25082
802
24769
14245
28833
16960
14276
2149
29243
29577
13816
27493
12286
26338
4749
12345
23957
27161
26576
18865
27579
29279
1959
23432
7816
12964
15549
10295
11625
12434
18013
17882
11985
4663
23927
5678
24622
6618
9114
24693
8829
8583
22773
7045
766
25169
17386
10907
29822
23138
26406
6949
15655
21485
20113
5529
19192
8967
26979
7468
20197
21184
29592
18023
11751
28577
8595
22169
28412
6051
7872
16245
3131
24190
3260
12168
12836
6756
25003
2007
26373
15268
6730
26321
24740
14424
21267
5342
9398
4135
18151
9072
19929
2108
7054
19079
4227
18883
10848
23503
19999
1582
20171
2471
19813
21576
19432
23770
10430
27882
5618
4962
26300
21468
11321
23547
25011
1818
10733
25932
9131
18770
6563
26061
8134
5283
29407
24735
23420
21870
22161
5759
9590
19110
16764
13914
25368
14249
16598
25469
24443
14036
7308
5127
23609
356
11444
28512
13778
16955
15221
17195
16517
6651
16125
10639
28837
13589
18845
25072
7581
3046
9886
11078
22757
29582
25524
28697
24023
25106
26834
4815
24004
27187
6116
21736
8663
16573
8746
838
14875
1920
3078
16887
22581
28579
14932
12254
17203
14854
2932
8850
17504
17184
12411
23268
2407
8883
5619
27976
2073
10214
22274
27407
28647
16477
3830
8443
6745
18544
29103
29391
18106
24817
4963
3149
22584
14041
14067
20203
17248
18147
25201
8503
161
16537
1155
28312
28556
11408
4681
2689
20573
21988
7857
23110
14519
19995
8836
15704
17532
27786
8484
11496
18520
9207
1798
7237
3292
3676
27239
27273
24422
2136
11691
1478
12418
23615
582
18012
2751
28845
24905
5098
16295
11619
22392
27123
24596
884
18250
29562
11336
25834
12050
16178
5742
13235
4139
22227
7083
20748
13745
27942
20500
5056
6636
22730
17332
14845
7956
16233
1047
15933
28040
25503
3141
26775
19191
5795
7301
568
9992
8440
1345
29166
25570
3866
6530
13079
26070
3690
7802
3462
26347
16243
24616
10765
13906
23715
10502
6213
6520
9205
9864
29470
11455
18048
20042
27265
5641
7445
16337
1621
8186
17680
17316
9289
3272
4807
25528
4109
